File name,% time in bottom 1/2, , , , , , , , , ,% time in bottom 1/4, , , , , , , , , ,% time in bottom 1/3, , , , , , , , , ,
 ,0-1 min,1-2 min,2-3 min,3-4 min,4-5 min,5-6 min,6-7 min,7-8 min,8-9 min,9-10 min,0-1 min,1-2 min,2-3 min,3-4 min,4-5 min,5-6 min,6-7 min,7-8 min,8-9 min,9-10 min,0-1 min,1-2 min,2-3 min,3-4 min,4-5 min,5-6 min,6-7 min,7-8 min,8-9 min,9-10 min, ,
raw/ILRDM_NTDMM4_Raw.xls_Tank_1,37.33333333333333,42.5555555555,18.833333333333336,48.777777777833336,51.277777777833336,42.5,28.888888888833335,35.50000000000001,56.777777777833336,70.27777777783334,21.388888888833335,20.166666666666664,2.5,10.444444444450001,13.888888888883333,13.111111111116665,11.611111111116665,13.222222222216667,38.388888888833335,60.5,26.111111111166668,29.9444444445,8.0,25.944444444499997,26.0555555555,23.444444444499997,16.888888888833335,22.888888888833332,46.388888888833335,63.83333333333333,[]
raw/ILRDM_NTDMM4_Raw.xls_Tank_2,28.388888888833335,41.388888888833335,38.55555555550001,49.611111111166665,52.0555555555,61.38888888883333,35.777777777833336,62.0,68.27777777783334,72.33333333333333,18.111111111166668,22.222222222166668,26.333333333333336,27.9444444445,28.4444444445,30.277777777833332,24.000000000000004,31.888888888833332,45.666666666666664,48.722222222166664,22.388888888833332,29.277777777833336,30.666666666666664,38.55555555550001,36.888888888833335,45.94444444450001,30.055555555500003,46.4444444445,57.333333333333336,58.11111111116667,[]
raw/ILRDM_NTDMF5_Raw.xls_Tank_1,97.77777777783334,100.0,77.83333333333334,74.5555555555,85.27777777783334,25.611111111166668,75.94444444450001,79.66666666666666,7.222222222216666,47.11111111116667,96.16666666666667,97.22222222216666,45.5,32.66666666666667,15.944444444450001,0.0,26.222222222166664,27.500000000000004,0.6666666666666667,21.888888888833332,96.61111111116666,100.0,58.333333333333336,51.88888888883334,42.5555555555,0.33333333333333337,42.5,55.722222222166664,1.1111111111116667,30.888888888833332,[]
raw/ILRDM_NTDMF5_Raw.xls_Tank_2,74.66666666666666,54.333333333333336,63.94444444449999,53.0555555555,56.388888888833335,36.111111111166665,57.666666666666664,27.38888888883333,52.44444444450001,45.0555555555,55.44444444449999,31.666666666666664,36.166666666666664,11.555555555549999,20.888888888833332,8.055555555549999,19.9444444445,1.5555555555549998,9.111111111116667,20.222222222166668,65.4444444445,43.388888888833335,46.222222222166664,21.333333333333336,35.22222222216667,18.888888888833335,33.5,8.888888888883333,27.9444444445,31.888888888833332,[]
raw/ILRDM_NTDMF7_Raw.xls_Tank_1,20.166666666666664,38.05555555550001,22.333333333333332,50.0555555555,36.5,33.83333333333333,33.388888888833335,23.5,40.5,17.777777777833332,7.722222222216667,21.277777777833336,6.94444444445,20.0555555555,16.22222222221667,12.166666666666666,12.333333333333334,14.722222222216667,15.666666666666668,0.0,10.388888888883335,27.0555555555,10.5,30.11111111116667,24.000000000000004,19.277777777833332,17.0,20.666666666666668,28.500000000000004,2.9444444444499998,[]
raw/ILRDM_NTDMF7_Raw.xls_Tank_2,3.7777777777833332,25.555555555500003,55.38888888883334,49.9444444445,43.5,54.88888888883333,33.5555555555,41.16666666666667,67.5,33.222222222166664,1.6666666666666667,10.222222222216667,28.888888888833335,25.444444444500004,27.5555555555,33.722222222166664,5.888888888883334,7.222222222216666,31.722222222166668,15.444444444450001,2.333333333333333,15.888888888883335,38.55555555550001,34.111111111166665,35.333333333333336,43.222222222166664,14.222222222216669,15.944444444450001,48.833333333333336,20.555555555500003,[]
raw/ILRDM_NTDFM6_Raw.xls_Tank_1,61.0,55.666666666666664,88.0,86.61111111116668,70.11111111116666,61.4444444445,41.277777777833336,27.111111111166668,55.44444444449999,65.72222222216666,34.88888888883333,25.33333333333333,38.111111111166665,36.277777777833336,13.611111111116667,6.888888888883334,5.777777777783333,1.6111111111116665,33.277777777833336,34.0555555555,46.611111111166665,38.166666666666664,63.277777777833336,65.5555555555,38.99999999999999,26.333333333333336,16.05555555555,12.944444444450001,42.888888888833335,46.388888888833335,[]
raw/ILRDM_NTDFM6_Raw.xls_Tank_2,51.83333333333333,62.77777777783334,64.11111111116666,53.61111111116668,55.49999999999999,66.33333333333333,51.88888888883334,25.222222222166668,24.4444444445,16.55555555555,17.5,28.999999999999996,30.666666666666664,10.833333333333334,24.777777777833336,37.66666666666667,20.722222222166668,0.6666666666666667,1.1666666666666665,0.9444444444450001,27.88888888883333,43.666666666666664,46.5555555555,22.722222222166664,40.5,53.111111111166665,32.83333333333333,4.611111111116666,8.94444444445,4.333333333333334,[]
raw/ILRDM_NTDFF2_Raw.xls_Tank_1,98.33333333333333,91.4444444445,93.61111111116666,79.27777777783334,45.277777777833336,68.88888888883334,69.44444444450001,49.388888888833335,44.111111111166665,47.61111111116667,96.9444444445,70.38888888883334,74.05555555549999,63.61111111116667,32.111111111166665,57.9444444445,53.5555555555,38.0,22.388888888833332,16.44444444445,97.94444444450001,74.38888888883334,81.16666666666667,71.83333333333334,34.833333333333336,62.33333333333333,61.0,43.833333333333336,29.611111111166665,30.055555555500003,[]
raw/ILRDM_NTDFF2_Raw.xls_Tank_2,98.77777777783334,95.0555555555,100.0,92.16666666666666,61.38888888883333,86.0555555555,41.4444444445,40.33333333333333,79.16666666666666,61.61111111116667,97.27777777783334,64.22222222216666,98.11111111116666,74.33333333333334,45.5555555555,79.11111111116666,39.49999999999999,29.5,69.0,58.9444444445,98.0,78.38888888883334,98.77777777783334,82.61111111116666,52.83333333333333,81.38888888883334,40.11111111116667,33.5,72.94444444450001,60.05555555549999,[]
raw/ILRDM_NTDFF3_Raw.xls_Tank_1,51.83333333333333,60.4444444445,49.66666666666667,81.55555555549999,78.5,52.111111111166665,54.5555555555,48.88888888883333,83.38888888883334,48.666666666666664,37.777777777833336,28.777777777833336,22.055555555499996,50.611111111166665,52.33333333333333,25.611111111166668,31.0,24.111111111166668,60.388888888833335,33.722222222166664,43.5,37.0,34.333333333333336,63.61111111116667,62.5,36.44444444449999,42.27777777783333,35.22222222216667,74.44444444450001,40.33333333333333,[]
raw/ILRDM_NTDFF3_Raw.xls_Tank_2,75.88888888883332,65.0555555555,67.83333333333333,52.44444444450001,50.83333333333333,40.11111111116667,40.33333333333333,47.66666666666667,32.0,65.0555555555,58.72222222216668,47.0555555555,46.111111111166665,15.388888888883335,18.777777777833336,22.5,18.166666666666668,33.166666666666664,9.55555555555,31.666666666666664,61.5555555555,54.666666666666664,54.88888888883333,27.72222222216667,31.388888888833332,27.166666666666668,24.4444444445,37.33333333333333,17.611111111166665,42.27777777783333,[]
raw/ILRDM_NTDFM1_Raw.xls_Tank_1,72.33333333333333,64.27777777783334,56.55555555549999,30.055555555500003,55.666666666666664,38.277777777833336,59.9444444445,48.777777777833336,61.5,55.55555555549999,52.72222222216667,46.4444444445,46.9444444445,22.388888888833332,39.277777777833336,20.777777777833332,46.0,36.166666666666664,48.833333333333336,46.833333333333336,58.77777777783333,54.333333333333336,50.5555555555,24.9444444445,45.11111111116667,28.388888888833335,54.833333333333336,42.5555555555,53.99999999999999,50.16666666666667,[]
raw/ILRDM_NTDFM1_Raw.xls_Tank_2,97.77777777783334,100.0,99.22222222216666,57.61111111116667,70.33333333333334,77.44444444450001,64.38888888883334,69.0,75.77777777783334,76.11111111116668,88.66666666666667,100.0,92.72222222216668,31.388888888833332,40.22222222216667,68.0,40.666666666666664,46.722222222166664,64.44444444450001,63.4444444445,95.66666666666667,100.0,96.77777777783334,38.222222222166664,48.111111111166665,71.9444444445,47.9444444445,56.55555555549999,69.38888888883334,68.9444444445,[]
raw/ILRDM_NTDMF9_Raw.xls_Tank_1,34.9444444445,44.4444444445,48.722222222166664,38.0,30.222222222166668,28.277777777833336,28.833333333333332,21.333333333333336,40.0,8.666666666666668,24.222222222166668,37.888888888833335,22.777777777833332,22.0,9.277777777783333,11.0,18.388888888833332,8.44444444445,15.777777777783333,4.666666666666666,28.4444444445,41.55555555549999,33.277777777833336,27.666666666666668,16.888888888833335,17.4444444445,22.722222222166664,10.111111111116667,25.33333333333333,5.833333333333333,[]
raw/ILRDM_NTDMF9_Raw.xls_Tank_2,23.888888888833335,59.77777777783333,17.388888888833335,12.888888888883335,5.277777777783333,37.5555555555,39.222222222166664,53.22222222216666,20.0555555555,53.94444444449999,6.611111111116667,27.72222222216667,1.1111111111116667,3.6666666666666665,0.0,21.388888888833335,7.944444444449999,23.0555555555,3.94444444445,20.388888888833332,10.444444444450001,40.833333333333336,3.1111111111166667,6.888888888883334,0.27777777777833335,25.777777777833332,17.0555555555,34.388888888833335,7.777777777783333,36.5,[]
raw/ILRDM_NTDFM10_Raw.xls_Tank_1,5.666666666666666,24.222222222166668,41.833333333333336,40.9444444445,40.5,42.61111111116667,41.0555555555,64.5,64.55555555549999,47.27777777783333,0.0,0.7777777777783333,10.444444444450001,10.666666666666668,12.555555555549999,11.44444444445,10.111111111116667,22.4444444445,39.388888888833335,22.9444444445,2.05555555555,6.388888888883333,26.277777777833332,21.666666666666668,20.0555555555,19.666666666666668,21.0555555555,39.49999999999999,49.277777777833336,29.777777777833332,[]
raw/ILRDM_NTDFM10_Raw.xls_Tank_2,1.2777777777783332,9.833333333333334,8.777777777783333,30.555555555500003,15.277777777783333,17.166666666666668,72.00000000000001,72.66666666666667,0.0,0.0,0.0,0.0,0.0,3.05555555555,3.7777777777833332,2.5555555555500002,32.33333333333333,60.5,0.0,0.0,0.0555555555555,0.0,1.5000000000000002,17.611111111166665,6.05555555555,6.111111111116666,48.94444444449999,63.83333333333333,0.0,0.0,[]
raw/ILRDM_NTDMM8_Raw.xls_Tank_1,29.888888888833332,38.9444444445,45.83333333333333,34.0555555555,40.9444444445,33.33333333333333,31.222222222166668,26.166666666666664,29.83333333333333,48.88888888883333,18.5,13.277777777783333,18.166666666666668,18.0555555555,9.611111111116667,12.05555555555,15.888888888883335,6.333333333333332,19.499999999999996,25.777777777833332,24.000000000000004,22.0,30.666666666666664,24.222222222166668,19.222222222166664,19.277777777833332,20.5,13.444444444450001,25.5,33.277777777833336,[]
raw/ILRDM_NTDMM8_Raw.xls_Tank_2,36.777777777833336,52.38888888883333,50.16666666666667,22.166666666666668,49.722222222166664,40.611111111166665,68.88888888883334,62.38888888883333,24.111111111166668,26.111111111166668,22.333333333333332,28.666666666666668,22.333333333333332,7.166666666666667,16.0,9.611111111116667,33.388888888833335,19.9444444445,6.833333333333333,20.5,27.22222222216667,33.111111111166665,32.94444444450001,10.222222222216667,23.722222222166664,19.777777777833332,42.27777777783333,32.777777777833336,11.277777777783333,21.9444444445,[]
