"X, Y, Velocity, Distance"
370.54945054945057,109.45054945054945,0.0001,0.0001
379.34065934065933,109.45054945054945,87.9120879120876,8.79120879120876
377.5824175824176,111.20879120879121,24.865293404362124,2.4865293404362125
377.5824175824176,107.6923076923077,35.16483516483518,3.516483516483518
377.5824175824176,115.16483516483517,74.72527472527474,7.472527472527474
368.35164835164835,116.04395604395604,92.72537630650099,9.272537630650099
360.4395604395604,117.8021978021978,81.05094028389378,8.105094028389377
356.4835164835165,120.43956043956044,47.545731105019314,4.754573110501932
352.08791208791206,124.83516483516483,62.163233510905556,6.216323351090556
345.05494505494505,130.98901098901098,93.45183132074393,9.345183132074393
336.26373626373623,135.3846153846154,98.28870230768335,9.828870230768334
330.1098901098901,138.9010989010989,70.87699119383315,7.0876991193833145
325.27472527472526,140.65934065934067,51.44923037678974,5.144923037678974
327.032967032967,142.85714285714286,28.145601043660776,2.8145601043660777
335.8241758241758,141.97802197802199,88.35055491095314,8.835055491095314
345.49450549450546,141.97802197802199,96.70329670329636,9.670329670329636
349.8901098901099,141.97802197802199,43.95604395604437,4.395604395604437
358.68131868131866,142.41758241758242,88.02190942637677,8.802190942637676
364.3956043956044,142.41758241758242,57.142857142857224,5.714285714285722
368.35164835164835,142.85714285714286,39.80389071708769,3.980389071708769
376.7032967032967,144.17582417582418,84.55113873262128,8.455113873262128
380.2197802197802,144.6153846153846,35.438495596916574,3.5438495596916573
388.13186813186815,146.37362637362637,81.05094028389378,8.105094028389377
386.3736263736264,147.69230769230768,21.9780219780219,2.19780219780219
388.13186813186815,149.8901098901099,28.145601043660996,2.8145601043660995
392.5274725274725,150.76923076923077,44.826545174441904,4.482654517444191
398.24175824175825,153.4065934065934,62.93547720121477,6.293547720121477
399.56043956043953,155.16483516483515,21.97802197802173,2.197802197802173
396.4835164835165,153.4065934065934,35.438495596916326,3.5438495596916324
407.4725274725275,156.48351648351647,114.11652734722773,11.411652734722773
414.94505494505495,153.84615384615384,79.24288517503273,7.924288517503273
417.1428571428571,152.96703296703296,23.671054097294174,2.3671054097294175
420.65934065934067,152.0879120879121,36.24708242301282,3.624708242301282
423.7362637362637,152.0879120879121,30.769230769230376,3.0769230769230376
425.05494505494505,152.0879120879121,13.186813186813424,1.3186813186813424
427.25274725274727,152.96703296703296,23.671054097294704,2.3671054097294704
436.4835164835165,153.4065934065934,92.4122902928731,9.24122902928731
434.2857142857143,154.28571428571428,23.671054097294704,2.3671054097294704
434.72527472527474,154.72527472527472,6.216323351090707,0.6216323351090707
443.5164835164835,156.92307692307693,90.61770605753074,9.061770605753074
444.83516483516485,153.84615384615384,33.47592574006139,3.347592574006139
451.42857142857144,151.2087912087912,71.01316229188359,7.101316229188359
456.7032967032967,149.8901098901099,54.3706236345184,5.43706236345184
458.46153846153845,149.8901098901099,17.58241758241752,1.758241758241752
465.05494505494505,149.01098901098902,66.51756461723765,6.651756461723766
466.3736263736264,149.8901098901099,15.848577035006727,1.5848577035006728
458.46153846153845,149.01098901098902,79.60778143417538,7.960778143417538
450.989010989011,147.69230769230768,75.87989671047069,7.587989671047069
445.27472527472526,146.8131868131868,57.815149177872186,5.781514917787218
441.3186813186813,145.4945054945055,41.70036474947326,4.1700364749473255
436.9230769230769,145.93406593406593,44.175277455476284,4.417527745547629
433.4065934065934,146.37362637362637,35.438495596916574,3.5438495596916573
430.3296703296703,147.25274725274724,32.000483029804634,3.2000483029804636
424.6153846153846,149.01098901098902,59.786683554881215,5.9786683554881215
416.26373626373623,150.76923076923077,85.34719929207733,8.534719929207734
408.35164835164835,152.96703296703296,82.11666677920589,8.211666677920588
401.75824175824175,156.48351648351647,74.72527472527472,7.472527472527472
395.6043956043956,158.24175824175825,64.0009660596088,6.40009660596088
390.3296703296703,158.24175824175825,52.74725274725313,5.274725274725313
384.6153846153846,160.0,59.78668355488113,5.978668355488113
384.1758241758242,160.87912087912088,9.828870230768144,0.9828870230768144
376.7032967032967,162.1978021978022,75.87989671047065,7.5879896710470645
380.65934065934067,163.5164835164835,41.70036474947326,4.1700364749473255
374.5054945054945,164.39560439560438,62.16323351090562,6.216323351090562
365.27472527472526,163.95604395604394,92.4122902928731,9.24122902928731
366.15384615384613,164.39560439560438,9.82887023076827,0.9828870230768271
359.56043956043953,163.95604395604394,66.08042364119964,6.608042364119965
355.16483516483515,164.83516483516485,44.82654517444196,4.482654517444196
353.84615384615387,164.39560439560438,13.900121583157482,1.390012158315748
351.2087912087912,165.27472527472528,27.800243166315955,2.7800243166315957
351.2087912087912,165.27472527472528,0.0,0.0
341.97802197802196,165.27472527472528,92.30769230769226,9.230769230769226
343.2967032967033,165.27472527472528,13.186813186813424,1.3186813186813424
341.53846153846155,166.15384615384616,19.65774046153654,1.9657740461536541
338.9010989010989,166.15384615384616,26.37362637362628,2.637362637362628
336.7032967032967,165.71428571428572,22.413272587221233,2.2413272587221234
332.74725274725273,165.71428571428572,39.560439560439704,3.9560439560439704
323.95604395604397,166.5934065934066,88.35055491095257,8.835055491095257
327.4725274725275,166.15384615384616,35.438495596916574,3.5438495596916573
330.1098901098901,166.5934065934066,26.737417715596475,2.6737417715596474
332.3076923076923,164.39560439560438,31.08161675545293,3.108161675545293
340.2197802197802,161.3186813186813,84.89322160803471,8.489322160803471
347.6923076923077,161.3186813186813,74.72527472527474,7.472527472527474
350.7692307692308,160.87912087912088,31.08161675545281,3.108161675545281
351.2087912087912,160.87912087912088,4.395604395604096,0.4395604395604096
356.9230769230769,161.3186813186813,57.3116694962871,5.73116694962871
356.9230769230769,163.5164835164835,21.9780219780219,2.19780219780219
364.83516483516485,161.75824175824175,81.05094028389378,8.105094028389377
372.74725274725273,160.43956043956044,80.21225314678942,8.021225314678942
378.02197802197804,159.56043956043956,53.47483543119351,5.347483543119351
383.2967032967033,159.12087912087912,52.930086060625285,5.2930086060625285
386.8131868131868,159.56043956043956,35.438495596916574,3.5438495596916573
389.8901098901099,160.0,31.08161675545281,3.108161675545281
391.2087912087912,162.1978021978022,25.630557779539544,2.5630557779539545
393.4065934065934,161.3186813186813,23.671054097294704,2.3671054097294704
401.3186813186813,160.87912087912088,79.24288517503246,7.924288517503245
397.3626373626374,161.3186813186813,39.80389071708712,3.980389071708712
408.79120879120876,159.56043956043956,115.63029835574382,11.563029835574381
413.6263736263736,157.36263736263737,53.112289993822365,5.311228999382236
421.0989010989011,154.28571428571428,80.81220356417694,8.081220356417694
420.2197802197802,153.4065934065934,12.43264670218101,1.243264670218101
425.05494505494505,153.84615384615384,48.55103743818587,4.855103743818587
431.2087912087912,152.96703296703296,62.16323351090506,6.216323351090506
432.08791208791206,154.28571428571428,15.848577035006489,1.5848577035006488
432.08791208791206,156.48351648351647,21.9780219780219,2.19780219780219
438.68131868131866,153.4065934065934,72.76019937251363,7.2760199372513625
448.35164835164835,151.64835164835165,98.28870230768328,9.828870230768327
452.74725274725273,149.8901098901099,47.34210819458888,4.734210819458888
457.1428571428571,149.45054945054946,44.175277455476284,4.417527745547629
460.2197802197802,149.45054945054946,30.769230769230944,3.0769230769230944
468.13186813186815,149.45054945054946,79.12087912087941,7.912087912087941
461.97802197802196,148.57142857142856,62.163233510905656,6.2163233510905656
455.38461538461536,147.69230769230768,66.51756461723765,6.651756461723766
447.9120879120879,147.25274725274724,74.85444556451166,7.485444556451166
444.3956043956044,145.93406593406593,37.55606041897803,3.755606041897803
440.4395604395604,146.8131868131868,40.52547014194689,4.052547014194689
429.8901098901099,148.13186813186812,106.31548679074972,10.631548679074971
427.6923076923077,148.57142857142856,22.413272587221233,2.2413272587221234
415.8241758241758,148.13186813186812,118.7626908668684,11.87626908668684
409.67032967032964,144.17582417582418,73.15743726194852,7.315743726194851
403.0769230769231,142.41758241758242,68.23813053301058,6.823813053301057
398.24175824175825,140.2197802197802,53.112289993822486,5.311228999382249
393.4065934065934,138.9010989010989,50.117601103258906,5.01176011032589
390.7692307692308,138.46153846153845,26.737417715596475,2.6737417715596474
386.8131868131868,135.82417582417582,47.54573110501971,4.754573110501971
375.8241758241758,130.98901098901098,120.05714535162775,12.005714535162776
369.2307692307692,128.7912087912088,69.50060791578858,6.950060791578858
366.5934065934066,126.5934065934066,34.330767806182976,3.433076780618298
367.032967032967,128.7912087912088,22.413272587220895,2.2413272587220896
367.032967032967,128.7912087912088,0.0,0.0
364.3956043956044,121.31868131868131,79.24288517503273,7.924288517503273
368.79120879120876,122.63736263736264,45.891457182024276,4.589145718202428
371.42857142857144,122.63736263736264,26.37362637362685,2.637362637362685
371.86813186813185,123.07692307692308,6.216323351090304,0.6216323351090305
378.9010989010989,125.71428571428571,75.11212083795658,7.511212083795658
375.8241758241758,123.95604395604396,35.43849559691682,3.543849559691682
367.032967032967,123.07692307692308,88.35055491095314,8.835055491095314
365.27472527472526,120.43956043956044,31.6971540700131,3.16971540700131
357.8021978021978,117.8021978021978,79.24288517503277,7.9242885175032765
352.5274725274725,116.48351648351648,54.3706236345184,5.43706236345184
351.2087912087912,116.04395604395604,13.900121583157931,1.3900121583157932
348.57142857142856,117.36263736263736,29.486610692304815,2.9486610692304813
343.2967032967033,118.24175824175823,53.47483543119295,5.347483543119295
333.6263736263736,121.31868131868131,101.48040774167228,10.148040774167228
331.86813186813185,123.51648351648352,28.145601043660882,2.8145601043660884
327.9120879120879,123.95604395604396,39.80389071708769,3.980389071708769
332.3076923076923,127.47252747252747,56.291202087322084,5.629120208732209
342.4175824175824,129.23076923076923,102.61641784552741,10.26164178455274
346.3736263736264,132.3076923076923,50.117601103258856,5.011760110325886
355.16483516483515,133.62637362637363,88.89559743365548,8.889559743365549
363.5164835164835,135.3846153846154,85.34719929207733,8.534719929207734
369.2307692307692,137.14285714285714,59.78668355488113,5.978668355488113
378.46153846153845,140.65934065934067,98.77892331535928,9.877892331535929
380.65934065934067,141.53846153846155,23.671054097294704,2.3671054097294704
385.9340659340659,143.2967032967033,55.600486332630645,5.560048633263064
394.72527472527474,146.37362637362637,93.14118725458083,9.314118725458084
400.0,147.69230769230768,54.3706236345184,5.43706236345184
400.4395604395604,148.13186813186812,6.216323351090304,0.6216323351090305
406.15384615384613,149.8901098901099,59.786683554881215,5.9786683554881215
404.83516483516485,150.32967032967034,13.900121583157391,1.3900121583157392
409.2307692307692,153.4065934065934,53.655189519708394,5.36551895197084
413.6263736263736,151.2087912087912,49.144351153841356,4.914435115384135
424.6153846153846,149.45054945054946,111.28781451579911,11.128781451579911
430.7692307692308,149.01098901098902,61.69524768183859,6.169524768183859
434.2857142857143,149.01098901098902,35.16483516483504,3.516483516483504
429.010989010989,149.45054945054946,52.930086060625285,5.2930086060625285
437.8021978021978,149.45054945054946,87.9120879120876,8.79120879120876
442.6373626373626,150.76923076923077,50.117601103258906,5.01176011032589
438.24175824175825,149.45054945054946,45.89145718202423,4.589145718202423
431.64835164835165,148.57142857142856,66.5175646172377,6.651756461723769
421.53846153846155,149.45054945054946,101.480407741672,10.1480407741672
415.8241758241758,149.45054945054946,57.142857142857224,5.714285714285722
409.2307692307692,149.8901098901099,66.08042364119964,6.608042364119965
406.15384615384613,150.32967032967034,31.08161675545281,3.108161675545281
403.95604395604397,152.52747252747253,31.081616755452327,3.1081616755452326
394.2857142857143,154.72527472527472,99.1693553642066,9.91693553642066
391.2087912087912,157.8021978021978,43.514263457633945,4.351426345763395
389.010989010989,158.6813186813187,23.671054097294174,2.3671054097294175
385.49450549450546,160.87912087912088,41.46804893211728,4.146804893211728
380.2197802197802,163.5164835164835,58.97322138460963,5.897322138460963
373.1868131868132,166.15384615384616,75.11212083795616,7.511212083795615
376.7032967032967,165.71428571428572,35.438495596916574,3.5438495596916573
370.54945054945057,168.7912087912088,68.8020916153779,6.88020916153779
367.032967032967,167.9120879120879,36.24708242301282,3.624708242301282
362.1978021978022,168.35164835164835,48.551037438185304,4.85510374381853
356.9230769230769,165.27472527472528,61.0656878657137,6.10656878657137
352.08791208791206,163.07692307692307,53.112289993822486,5.311228999382249
348.13186813186815,162.63736263736263,39.80389071708712,3.980389071708712
348.13186813186815,162.1978021978022,4.39560439560438,0.439560439560438
343.2967032967033,162.63736263736263,48.55103743818587,4.855103743818587
341.0989010989011,161.3186813186813,25.630557779539934,2.5630557779539935
337.1428571428571,158.24175824175825,50.117601103258856,5.011760110325886
330.1098901098901,156.04395604395603,73.68375654611063,7.368375654611063
331.86813186813185,154.28571428571428,24.86529340436202,2.486529340436202
334.5054945054945,152.52747252747253,31.697154070012978,3.1697154070012976
340.65934065934067,150.76923076923077,64.00096605960927,6.400096605960927
349.8901098901099,148.13186813186812,96.00144908941344,9.600144908941344
355.16483516483515,146.37362637362637,55.600486332630645,5.560048633263064
356.9230769230769,145.4945054945055,19.65774046153654,1.9657740461536541
363.95604395604397,145.05494505494505,70.46689908519328,7.046689908519328
371.86813186813185,141.97802197802199,84.89322160803471,8.489322160803471
387.6923076923077,138.46153846153845,162.10188056778705,16.210188056778705
396.9230769230769,135.82417582417582,96.00144908941336,9.600144908941335
401.3186813186813,134.5054945054945,45.89145718202423,4.589145718202423
405.27472527472526,134.94505494505495,39.80389071708769,3.980389071708769
407.4725274725275,134.5054945054945,22.413272587221233,2.2413272587221234
414.0659340659341,136.7032967032967,69.50060791578858,6.950060791578858
414.5054945054945,137.58241758241758,9.828870230768144,0.9828870230768144
410.1098901098901,141.0989010989011,56.29120208732173,5.629120208732173
403.95604395604397,142.41758241758242,62.93547720121452,6.293547720121452
396.9230769230769,142.85714285714286,70.46689908519328,7.046689908519328
389.8901098901099,143.73626373626374,70.87699119383315,7.0876991193833145
377.1428571428571,145.05494505494505,128.1527888976993,12.815278889769932
376.7032967032967,146.37362637362637,13.900121583157572,1.3900121583157572
370.54945054945057,145.05494505494505,62.93547720121452,6.293547720121452
363.95604395604397,142.85714285714286,69.50060791578858,6.950060791578858
351.64835164835165,140.2197802197802,125.87095440242965,12.587095440242965
347.6923076923077,138.46153846153845,43.29168264525771,4.329168264525771
345.49450549450546,137.58241758241758,23.671054097294704,2.3671054097294704
342.4175824175824,138.02197802197801,31.08161675545225,3.108161675545225
340.2197802197802,138.02197802197801,21.978021978022184,2.1978021978022184
334.5054945054945,140.65934065934067,62.935477201214894,6.29354772012149
334.94505494505495,140.2197802197802,6.2163233510909075,0.6216323351090908
336.26373626373623,145.4945054945055,54.370623634518616,5.437062363451862
337.5824175824176,143.2967032967033,25.63055777953984,2.5630557779539838
342.4175824175824,140.2197802197802,57.31166949628721,5.7311669496287205
349.8901098901099,137.58241758241758,79.24288517503273,7.924288517503273
362.6373626373626,137.58241758241758,127.4725274725273,12.74725274725273
384.1758241758242,141.53846153846155,218.9875816629654,21.89875816629654
389.45054945054943,143.73626373626374,57.14285714285694,5.714285714285694
395.16483516483515,142.41758241758242,58.64467720495099,5.864467720495099
403.95604395604397,139.34065934065933,93.14118725458091,9.31411872545809
401.3186813186813,140.2197802197802,27.800243166315862,2.7800243166315863
402.6373626373626,140.65934065934067,13.900121583158022,1.3900121583158023
407.4725274725275,145.05494505494505,65.34535713107033,6.534535713107033
410.54945054945057,142.85714285714286,37.81241875623142,3.7812418756231425
413.1868131868132,140.2197802197802,37.29794010654324,3.7297940106543237
420.2197802197802,138.46153846153845,72.49416484602455,7.249416484602454
430.7692307692308,136.26373626373626,107.75956634840688,10.775956634840687
433.4065934065934,136.26373626373626,26.37362637362628,2.637362637362628
434.2857142857143,136.26373626373626,8.79120879120876,0.879120879120876
438.68131868131866,137.14285714285714,44.826545174441904,4.482654517444191
441.75824175824175,135.3846153846154,35.43849559691682,3.543849559691682
433.8461538461538,131.86813186813185,86.58336529051553,8.658336529051553
421.53846153846155,128.35164835164835,128.00193211921746,12.800193211921746
416.26373626373623,124.3956043956044,65.93406593406624,6.593406593406624
407.9120879120879,120.0,94.37762880696214,9.437762880696214
401.75824175824175,116.92307692307692,68.80209161537796,6.880209161537796
396.4835164835165,113.4065934065934,63.39430814002604,6.339430814002604
385.05494505494505,108.57142857142857,124.09313594279666,12.409313594279666
376.26373626373623,105.49450549450549,93.14118725458087,9.314118725458087
371.42857142857144,102.85714285714286,55.07676521380908,5.507676521380908
370.989010989011,104.17582417582418,13.900121583157752,1.3900121583157752
367.4725274725275,99.34065934065934,59.78668355488097,5.9786683554880975
367.4725274725275,99.34065934065934,0.0,0.0
366.5934065934066,101.97802197802197,27.800243166315322,2.780024316631532
373.6263736263736,106.37362637362637,82.93609786423366,8.293609786423366
376.26373626373623,107.6923076923077,29.486610692304875,2.9486610692304875
380.65934065934067,110.32967032967032,51.26111555907987,5.126111555907987
391.2087912087912,109.01098901098901,106.31548679074972,10.631548679074971
399.56043956043953,109.01098901098901,83.5164835164835,8.35164835164835
406.5934065934066,110.32967032967032,71.55525536747155,7.155525536747154
407.032967032967,113.84615384615384,35.43849559691668,3.543849559691668
414.94505494505495,118.24175824175823,90.51103420647937,9.051103420647937
425.49450549450546,122.63736263736264,114.28571428571398,11.428571428571399
430.3296703296703,124.83516483516483,53.112289993822365,5.311228999382236
430.7692307692308,125.71428571428571,9.828870230768398,0.9828870230768398
434.2857142857143,125.71428571428571,35.16483516483504,3.516483516483504
434.72527472527474,125.71428571428571,4.395604395604664,0.4395604395604664
442.1978021978022,128.35164835164835,79.24288517503277,7.9242885175032765
439.1208791208791,126.5934065934066,35.43849559691682,3.543849559691682
441.3186813186813,132.74725274725276,65.3453571310703,6.53453571310703
442.6373626373626,135.3846153846154,29.486610692304943,2.948661069230494
440.4395604395604,133.62637362637363,28.145601043660996,2.8145601043660995
430.7692307692308,134.5054945054945,97.10207487637118,9.710207487637117
422.85714285714283,135.3846153846154,79.60778143417538,7.960778143417538
411.42857142857144,135.3846153846154,114.28571428571388,11.428571428571388
404.83516483516485,136.26373626373626,66.51756461723765,6.651756461723766
395.6043956043956,137.14285714285714,92.72537630650099,9.272537630650099
391.64835164835165,139.34065934065933,45.25551710323965,4.525551710323965
383.7362637362637,140.2197802197802,79.60778143417538,7.960778143417538
375.38461538461536,141.53846153846155,84.55113873262133,8.455113873262132
368.35164835164835,141.97802197802199,70.46689908519271,7.046689908519271
365.7142857142857,141.0989010989011,27.800243166315322,2.780024316631532
363.5164835164835,143.2967032967033,31.08161675545273,3.108161675545273
356.04395604395603,143.73626373626374,74.85444556451166,7.485444556451166
349.010989010989,142.41758241758242,71.55525536747098,7.155525536747097
346.3736263736264,142.85714285714286,26.737417715596475,2.6737417715596474
338.02197802197804,143.2967032967033,83.63207732061734,8.363207732061735
343.2967032967033,144.6153846153846,54.3706236345184,5.43706236345184
338.9010989010989,145.05494505494505,44.175277455476284,4.417527745547629
330.1098901098901,146.37362637362637,88.89559743365601,8.8895597433656
331.42857142857144,145.93406593406593,13.900121583157931,1.3900121583157932
331.42857142857144,142.85714285714286,30.76923076923066,3.076923076923066
332.74725274725273,140.2197802197802,29.486610692304943,2.948661069230494
334.5054945054945,138.46153846153845,24.86529340436202,2.486529340436202
334.5054945054945,138.46153846153845,0.0,0.0
342.85714285714283,138.9010989010989,83.63207732061734,8.363207732061735
349.010989010989,138.02197802197801,62.16323351090562,6.216323351090562
359.1208791208791,138.9010989010989,101.48040774167197,10.148040774167196
367.4725274725275,140.2197802197802,84.55113873262128,8.455113873262128
372.74725274725273,141.0989010989011,53.47483543119299,5.347483543119299
377.1428571428571,141.0989010989011,43.9560439560438,4.39560439560438
386.8131868131868,143.73626373626374,100.23520220651781,10.02352022065178
389.010989010989,144.17582417582418,22.413272587221233,2.2413272587221234
393.8461538461538,145.93406593406593,51.44923037678911,5.144923037678911
399.1208791208791,148.13186813186812,57.142857142857466,5.714285714285746
403.0769230769231,150.32967032967034,45.25551710323979,4.525551710323979
410.1098901098901,152.0879120879121,72.49416484602455,7.249416484602454
407.9120879120879,151.2087912087912,23.671054097294704,2.3671054097294704
412.74725274725273,149.01098901098902,53.112289993822365,5.311228999382236
418.46153846153845,146.37362637362637,62.935477201214894,6.29354772012149
430.3296703296703,143.73626373626374,121.57641042584011,12.157641042584011
432.5274725274725,142.85714285714286,23.671054097294704,2.3671054097294704
436.4835164835165,143.2967032967033,39.80389071708769,3.980389071708769
438.24175824175825,141.97802197802199,21.9780219780219,2.19780219780219
443.0769230769231,139.34065934065933,55.076765213809715,5.507676521380971
445.7142857142857,138.46153846153845,27.800243166315322,2.780024316631532
450.1098901098901,134.5054945054945,59.136808998125986,5.913680899812599
454.94505494505495,131.86813186813185,55.076765213809715,5.507676521380971
460.65934065934067,128.7912087912088,64.9003211438831,6.490032114388311
468.13186813186815,125.27472527472527,82.5859086947514,8.258590869475139
459.7802197802198,128.7912087912088,90.617706057531,9.0617706057531
465.9340659340659,122.63736263736264,87.02852691526718,8.702852691526719
457.1428571428571,122.63736263736264,87.91208791208817,8.791208791208817
446.15384615384613,120.87912087912088,111.28781451579914,11.128781451579915
440.0,117.8021978021978,68.80209161537796,6.880209161537796
426.8131868131868,112.96703296703296,140.4531455707294,14.045314557072938
422.85714285714283,108.57142857142857,59.136808998126284,5.913680899812628
413.1868131868132,101.97802197802197,117.04199521489511,11.70419952148951
410.989010989011,101.0989010989011,23.671054097294704,2.3671054097294704
411.42857142857144,98.46153846153845,26.73741771559666,2.673741771559666
398.24175824175825,100.21978021978022,133.03512923447533,13.303512923447533
392.08791208791206,101.0989010989011,62.16323351090562,6.216323351090562
385.05494505494505,100.65934065934066,70.46689908519271,7.046689908519271
378.46153846153845,98.9010989010989,68.23813053301113,6.823813053301113
367.032967032967,96.7032967032967,116.37980039449447,11.637980039449447
361.75824175824175,95.38461538461539,54.3706236345184,5.43706236345184
359.1208791208791,96.7032967032967,29.486610692304815,2.9486610692304813
355.16483516483515,93.18681318681318,52.93008606062559,5.293008606062559
349.8901098901099,92.74725274725274,52.930086060625285,5.2930086060625285
348.13186813186815,96.7032967032967,43.29168264525758,4.329168264525758
352.96703296703294,100.21978021978022,59.78668355488071,5.978668355488071
360.4395604395604,105.49450549450549,91.46660240301016,9.146660240301015
364.3956043956044,108.57142857142857,50.11760110325895,5.011760110325895
366.15384615384613,111.20879120879121,31.6971540700131,3.16971540700131
377.1428571428571,111.64835164835165,109.97798684129047,10.997798684129048
382.85714285714283,111.20879120879121,57.3116694962871,5.73116694962871
392.5274725274725,112.96703296703296,98.28870230768328,9.828870230768327
397.8021978021978,115.16483516483517,57.14285714285699,5.714285714285699
401.75824175824175,116.48351648351648,41.70036474947326,4.1700364749473255
407.4725274725275,122.19780219780219,80.81220356417687,8.081220356417687
405.7142857142857,124.83516483516483,31.6971540700131,3.16971540700131
402.1978021978022,126.15384615384615,37.55606041897803,3.755606041897803
392.96703296703294,127.03296703296704,92.72537630650157,9.272537630650158
381.53846153846155,124.3956043956044,117.28935440990146,11.728935440990146
380.2197802197802,122.19780219780219,25.63055777953996,2.5630557779539958
378.46153846153845,118.24175824175823,43.29168264525758,4.329168264525758
367.032967032967,116.04395604395604,116.37980039449444,11.637980039449443
360.8791208791209,113.4065934065934,66.95185148012209,6.695185148012209
357.3626373626374,113.84615384615384,35.438495596916574,3.5438495596916573
352.5274725274725,113.84615384615384,48.351648351648464,4.835164835164846
342.85714285714283,117.36263736263736,102.89846075357934,10.289846075357934
337.1428571428571,120.43956043956044,64.90032114388316,6.490032114388316
340.65934065934067,119.56043956043956,36.24708242301282,3.624708242301282
334.0659340659341,123.07692307692308,74.72527472527479,7.472527472527479
323.95604395604397,124.3956043956044,101.95528355818192,10.195528355818192
319.1208791208791,123.95604395604396,48.55103743818587,4.855103743818587
322.6373626373626,124.83516483516483,36.24708242301227,3.624708242301227
326.5934065934066,124.83516483516483,39.560439560439704,3.9560439560439704
330.989010989011,125.71428571428571,44.826545174441904,4.482654517444191
337.1428571428571,126.15384615384615,61.69524768183802,6.169524768183802
343.7362637362637,125.71428571428571,66.08042364119964,6.608042364119965
352.96703296703294,126.15384615384615,92.4122902928731,9.24122902928731
357.3626373626374,127.03296703296704,44.826545174442494,4.482654517444249
359.1208791208791,128.35164835164835,21.9780219780219,2.19780219780219
362.6373626373626,128.7912087912088,35.438495596916574,3.5438495596916573
370.54945054945057,133.62637362637363,92.72537630650135,9.272537630650135
375.8241758241758,136.7032967032967,61.06568786571321,6.106568786571321
379.34065934065933,139.34065934065933,43.9560439560438,4.39560439560438
386.8131868131868,142.41758241758242,80.81220356417694,8.081220356417694
389.010989010989,144.6153846153846,31.08161675545273,3.108161675545273
389.010989010989,145.93406593406593,13.18681318681314,1.318681318681314
392.96703296703294,148.13186813186812,45.25551710323915,4.525551710323915
398.24175824175825,149.8901098901099,55.60048633263128,5.560048633263127
401.75824175824175,150.32967032967034,35.438495596916574,3.5438495596916573
408.35164835164835,152.0879120879121,68.23813053301113,6.823813053301113
412.3076923076923,154.28571428571428,45.25551710323965,4.525551710323965
405.27472527472526,152.52747252747253,72.4941648460251,7.24941648460251
400.4395604395604,149.8901098901099,55.07676521380959,5.507676521380959
394.2857142857143,147.25274725274724,66.95185148012214,6.695185148012214
385.9340659340659,144.6153846153846,87.58179712163194,8.758179712163194
380.2197802197802,144.17582417582418,57.3116694962871,5.73116694962871
371.86813186813185,141.97802197802199,86.35992397533404,8.635992397533403
361.3186813186813,140.65934065934067,106.31548679075028,10.631548679075028
355.6043956043956,140.2197802197802,57.311669496286555,5.731166949628656
349.8901098901099,140.2197802197802,57.142857142857224,5.714285714285722
345.05494505494505,140.65934065934067,48.5510374381859,4.8551037438185904
342.4175824175824,141.97802197802199,29.486610692304815,2.9486610692304813
337.1428571428571,142.85714285714286,53.47483543119351,5.347483543119351
336.26373626373623,145.05494505494505,23.67105409729444,2.367105409729444
330.54945054945057,147.69230769230768,62.93547720121426,6.293547720121426
327.9120879120879,147.25274725274724,26.737417715597037,2.673741771559704
327.9120879120879,147.25274725274724,0.0,0.0
329.6703296703297,146.8131868131868,18.123541211506687,1.8123541211506686
327.4725274725275,146.8131868131868,21.978021978022184,2.1978021978022184
334.5054945054945,146.37362637362637,70.46689908519271,7.046689908519271
345.9340659340659,148.13186813186812,115.63029835574437,11.563029835574437
352.5274725274725,149.45054945054946,67.23981776166319,6.723981776166319
357.8021978021978,150.76923076923077,54.3706236345184,5.43706236345184
365.27472527472526,152.52747252747253,76.76593053438673,7.676593053438673
367.4725274725275,153.84615384615384,25.630557779539934,2.5630557779539935
368.35164835164835,154.72527472527472,12.43264670218101,1.243264670218101
371.42857142857144,156.92307692307693,37.81241875623159,3.7812418756231585
379.7802197802198,155.6043956043956,84.55113873262133,8.455113873262132
387.6923076923077,154.72527472527472,79.60778143417481,7.960778143417481
388.57142857142856,156.48351648351647,19.65774046153654,1.9657740461536541
396.04395604395603,154.28571428571428,77.89030833700814,7.789030833700814
406.15384615384613,152.0879120879121,103.46023996430603,10.346023996430603
414.0659340659341,151.64835164835165,79.24288517503302,7.924288517503302
418.46153846153845,151.2087912087912,44.175277455476284,4.417527745547629
417.5824175824176,150.76923076923077,9.82887023076827,0.9828870230768271
428.13186813186815,152.0879120879121,106.31548679075028,10.631548679075028
432.96703296703294,151.64835164835165,48.551037438185304,4.85510374381853
436.9230769230769,151.64835164835165,39.560439560439704,3.9560439560439704
439.56043956043953,151.64835164835165,26.37362637362628,2.637362637362628
439.56043956043953,154.72527472527472,30.76923076923066,3.076923076923066
436.9230769230769,152.52747252747253,34.330767806182976,3.433076780618298
429.010989010989,151.2087912087912,80.21225314678942,8.021225314678942
421.0989010989011,150.76923076923077,79.24288517503302,7.924288517503302
413.6263736263736,150.76923076923077,74.72527472527474,7.472527472527474
407.032967032967,151.2087912087912,66.08042364119964,6.608042364119965
405.7142857142857,151.64835164835165,13.900121583157391,1.3900121583157392
405.7142857142857,152.52747252747253,8.79120879120876,0.879120879120876
397.3626373626374,154.28571428571428,85.34719929207733,8.534719929207734
388.13186813186815,154.72527472527472,92.4122902928731,9.24122902928731
382.85714285714283,155.6043956043956,53.47483543119351,5.347483543119351
379.7802197802198,156.04395604395603,31.08161675545225,3.108161675545225
363.95604395604397,157.36263736263737,158.79025818187645,15.879025818187646
358.68131868131866,156.92307692307693,52.930086060625854,5.293008606062585
350.3296703296703,156.48351648351647,83.63207732061736,8.363207732061735
344.1758241758242,156.04395604395603,61.69524768183802,6.169524768183802
338.46153846153845,156.04395604395603,57.142857142857224,5.714285714285722
335.8241758241758,156.04395604395603,26.37362637362628,2.637362637362628
330.989010989011,156.92307692307693,49.14435115384168,4.914435115384168
326.15384615384613,158.24175824175825,50.117601103258906,5.01176011032589
326.15384615384613,158.24175824175825,0.0,0.0
327.032967032967,159.12087912087912,12.43264670218101,1.243264670218101
330.54945054945057,157.8021978021978,37.55606041897856,3.755606041897856
334.5054945054945,155.6043956043956,45.25551710323929,4.5255517103239296
341.97802197802196,154.28571428571428,75.87989671047065,7.5879896710470645
345.49450549450546,152.52747252747253,39.31548092307308,3.9315480923073083
345.9340659340659,153.4065934065934,9.828870230768398,0.9828870230768398
352.08791208791206,151.2087912087912,65.34535713107013,6.534535713107013
361.3186813186813,149.01098901098902,94.88805777988084,9.488805777988084
368.79120879120876,147.69230769230768,75.87989671047069,7.587989671047069
375.38461538461536,146.37362637362637,67.23981776166315,6.7239817761663145
378.9010989010989,145.93406593406593,35.43849559691714,3.543849559691714
383.2967032967033,145.93406593406593,43.9560439560438,4.39560439560438
381.53846153846155,148.57142857142856,31.697154070012978,3.1697154070012976
389.010989010989,146.8131868131868,76.76593053438673,7.676593053438673
397.3626373626374,144.17582417582418,87.58179712163194,8.758179712163194
400.4395604395604,142.41758241758242,35.438495596916326,3.5438495596916324
402.6373626373626,144.17582417582418,28.145601043660996,2.8145601043660995
407.4725274725275,140.65934065934067,59.78668355488109,5.978668355488109
413.1868131868132,137.14285714285714,67.09598910977486,6.709598910977486
418.9010989010989,134.94505494505495,61.2236847348753,6.12236847348753
429.010989010989,133.1868131868132,102.61641784552741,10.26164178455274
431.64835164835165,132.3076923076923,27.800243166315415,2.7800243166315415
431.2087912087912,133.62637362637363,13.900121583158022,1.3900121583158023
438.68131868131866,132.74725274725276,75.24062755438986,7.524062755438986
442.6373626373626,131.42857142857142,41.700364749473344,4.170036474947334
437.8021978021978,134.06593406593407,55.076765213809715,5.507676521380971
448.35164835164835,131.86813186813185,107.75956634840693,10.775956634840693
454.5054945054945,130.54945054945054,62.93547720121452,6.293547720121452
461.97802197802196,128.35164835164835,77.89030833700814,7.789030833700814
463.7362637362637,127.91208791208791,18.123541211506137,1.8123541211506136
463.7362637362637,130.1098901098901,21.9780219780219,2.19780219780219
460.65934065934067,128.7912087912088,33.47592574006076,3.347592574006076
460.65934065934067,128.7912087912088,0.0,0.0
465.49450549450546,123.95604395604396,68.37955686199545,6.837955686199545
464.1758241758242,126.15384615384615,25.630557779539544,2.5630557779539545
464.1758241758242,119.12087912087912,70.32967032967022,7.032967032967022
458.9010989010989,120.0,53.47483543119295,5.347483543119295
449.2307692307692,117.8021978021978,99.16935536420662,9.916935536420663
440.4395604395604,113.84615384615384,96.40313054708291,9.64031305470829
431.64835164835165,109.01098901098901,100.33153591660039,10.033153591660039
426.8131868131868,105.49450549450549,59.78668355488117,5.978668355488117
416.26373626373623,99.78021978021978,119.97665111170282,11.997665111170281
409.67032967032964,97.14285714285714,71.01316229188363,7.101316229188363
409.2307692307692,97.58241758241758,6.216323351090304,0.6216323351090305
399.56043956043953,94.94505494505495,100.23520220651781,10.02352022065178
389.45054945054943,92.3076923076923,104.4823237275139,10.44823237275139
383.7362637362637,91.42857142857143,57.815149177872186,5.781514917787218
369.2307692307692,94.06593406593406,147.43305346152437,14.743305346152436
364.83516483516485,93.18681318681318,44.826545174441904,4.482654517444191
357.8021978021978,94.50549450549451,71.55525536747157,7.155525536747158
349.45054945054943,92.74725274725274,85.34719929207736,8.534719929207736
350.7692307692308,95.82417582417582,33.47592574006126,3.347592574006126
345.49450549450546,93.18681318681318,58.9732213846102,5.8973221384610195
356.04395604395603,98.02197802197801,116.0472859995086,11.60472859995086
361.75824175824175,98.46153846153845,57.3116694962871,5.73116694962871
370.1098901098901,99.34065934065934,83.9779040639244,8.39779040639244
378.02197802197804,99.78021978021978,79.24288517503302,7.924288517503302
382.4175824175824,98.46153846153845,45.891457182024276,4.589145718202428
378.9010989010989,99.34065934065934,36.24708242301231,3.6247082423012307
383.7362637362637,98.02197802197801,50.1176011032584,5.01176011032584
395.6043956043956,96.26373626373626,119.97665111170309,11.99766511117031
405.27472527472526,94.94505494505495,97.59825631285467,9.759825631285468
407.9120879120879,94.94505494505495,26.37362637362628,2.637362637362628
415.38461538461536,94.94505494505495,74.72527472527474,7.472527472527474
418.9010989010989,95.82417582417582,36.24708242301282,3.624708242301282
420.65934065934067,96.7032967032967,19.65774046153654,1.9657740461536541
421.53846153846155,96.7032967032967,8.79120879120876,0.879120879120876
430.3296703296703,97.14285714285714,88.02190942637677,8.802190942637676
429.010989010989,97.14285714285714,13.186813186812856,1.3186813186812856
437.8021978021978,94.94505494505495,90.61770605753067,9.061770605753066
440.8791208791209,93.62637362637362,33.475925740061335,3.3475925740061334
443.5164835164835,94.06593406593406,26.737417715596475,2.6737417715596474
447.032967032967,93.62637362637362,35.438495596916574,3.5438495596916573
450.989010989011,90.98901098901099,47.54573110501971,4.754573110501971
450.989010989011,90.98901098901099,0.0,0.0
453.6263736263736,90.1098901098901,27.80024316631537,2.780024316631537
465.05494505494505,89.67032967032966,114.37021390116665,11.437021390116666
468.13186813186815,90.98901098901099,33.475925740061335,3.3475925740061334
469.010989010989,91.86813186813187,12.43264670218101,1.243264670218101
461.53846153846155,93.18681318681318,75.87989671047065,7.5879896710470645
454.5054945054945,94.06593406593406,70.87699119383372,7.087699119383371
446.5934065934066,93.18681318681318,79.60778143417481,7.960778143417481
442.1978021978022,90.54945054945055,51.26111555907938,5.126111555907938
430.3296703296703,87.91208791208791,121.57641042584069,12.15764104258407
425.49450549450546,88.79120879120879,49.14435115384164,4.914435115384164
418.9010989010989,86.5934065934066,69.50060791578804,6.950060791578804
408.35164835164835,85.71428571428571,105.86017212125115,10.586017212125116
400.0,86.5934065934066,83.9779040639244,8.39779040639244
394.72527472527474,87.03296703296704,52.930086060625285,5.2930086060625285
390.7692307692308,89.67032967032966,47.54573110501971,4.754573110501971
382.85714285714283,90.1098901098901,79.24288517503302,7.924288517503302
374.0659340659341,94.06593406593406,96.4031305470824,9.64031305470824
363.95604395604397,94.94505494505495,101.48040774167198,10.148040774167198
358.24175824175825,92.3076923076923,62.93547720121483,6.293547720121483
354.2857142857143,91.42857142857143,40.52547014194689,4.052547014194689
352.08791208791206,94.94505494505495,41.468048932117064,4.146804893211707
354.2857142857143,99.34065934065934,49.14435115384161,4.914435115384161
354.72527472527474,102.41758241758241,31.08161675545257,3.108161675545257
365.27472527472526,109.45054945054945,126.78861628005208,12.678861628005208
368.35164835164835,109.01098901098901,31.08161675545281,3.108161675545281
380.65934065934067,112.52747252747253,128.00193211921803,12.800193211921803
386.8131868131868,113.84615384615384,62.93547720121452,6.293547720121452
393.4065934065934,116.04395604395604,69.50060791578863,6.9500607915788635
393.4065934065934,117.36263736263736,13.18681318681314,1.318681318681314
397.8021978021978,119.56043956043956,49.14435115384142,4.914435115384142
405.7142857142857,123.95604395604396,90.51103420647937,9.051103420647937
414.94505494505495,125.27472527472527,93.24485026635786,9.324485026635786
422.85714285714283,127.91208791208791,83.40072949894602,8.340072949894601
428.13186813186815,129.23076923076923,54.37062363451896,5.437062363451895
436.04395604395603,133.1868131868132,88.45983207691457,8.845983207691457
438.24175824175825,134.94505494505495,28.145601043660996,2.8145601043660995
435.16483516483515,135.3846153846154,31.08161675545281,3.108161675545281
438.68131868131866,135.82417582417582,35.438495596916574,3.5438495596916573
445.27472527472526,134.94505494505495,66.51756461723765,6.651756461723766
438.68131868131866,133.62637362637363,67.23981776166315,6.7239817761663145
420.65934065934067,137.14285714285714,183.61844900400334,18.361844900400335
413.1868131868132,138.9010989010989,76.76593053438673,7.676593053438673
409.67032967032964,138.9010989010989,35.16483516483561,3.516483516483561
404.83516483516485,137.58241758241758,50.11760110325836,5.011760110325836
401.3186813186813,137.14285714285714,35.43849559691714,3.543849559691714
401.3186813186813,137.14285714285714,0.0,0.0
407.032967032967,136.26373626373626,57.815149177872186,5.781514917787218
412.74725274725273,137.14285714285714,57.815149177872186,5.781514917787218
412.74725274725273,137.14285714285714,0.0,0.0
414.0659340659341,140.65934065934067,37.55606041897839,3.755606041897839
408.35164835164835,141.97802197802199,58.64467720495099,5.864467720495099
400.8791208791209,141.97802197802199,74.72527472527474,7.472527472527474
398.68131868131866,140.2197802197802,28.145601043661173,2.8145601043661173
396.04395604395603,142.41758241758242,34.330767806183154,3.4330767806183156
391.64835164835165,140.65934065934067,47.34210819458888,4.734210819458888
384.6153846153846,139.78021978021977,70.87699119383375,7.087699119383375
380.65934065934067,139.34065934065933,39.80389071708712,3.980389071708712
371.86813186813185,138.02197802197801,88.89559743365601,8.8895597433656
368.35164835164835,136.7032967032967,37.55606041897803,3.755606041897803
363.95604395604397,134.94505494505495,47.34210819458888,4.734210819458888
363.5164835164835,132.3076923076923,26.737417715596802,2.6737417715596803
357.8021978021978,130.1098901098901,61.2236847348753,6.12236847348753
352.08791208791206,129.23076923076923,57.815149177872186,5.781514917787218
349.010989010989,127.91208791208791,33.47592574006076,3.347592574006076
345.9340659340659,130.1098901098901,37.81241875623142,3.7812418756231425
352.96703296703294,129.67032967032966,70.46689908519271,7.046689908519271
359.1208791208791,131.42857142857142,64.00096605960927,6.400096605960927
365.27472527472526,132.3076923076923,62.16323351090506,6.216323351090506
370.1098901098901,130.98901098901098,50.117601103258906,5.01176011032589
374.0659340659341,127.91208791208791,50.117601103258856,5.011760110325886
381.0989010989011,124.3956043956044,78.63096184614623,7.863096184614624
393.4065934065934,120.0,130.69071426214083,13.069071426214084
396.9230769230769,120.0,35.16483516483504,3.516483516483504
400.4395604395604,120.43956043956044,35.438495596916574,3.5438495596916573
408.35164835164835,123.07692307692308,83.40072949894656,8.340072949894656
412.74725274725273,124.83516483516483,47.34210819458888,4.734210819458888
