"X, Y, Velocity, Distance"
318.66666666666663,168.44444444444443,0.0001,0.0001
324.4444444444444,168.44444444444443,57.777777777777715,5.7777777777777715
328.0,168.88888888888889,35.83225665910512,3.583225665910512
336.88888888888886,169.33333333333331,88.9999306422254,8.899993064222539
343.55555555555554,169.77777777777777,66.81465057054646,6.6814650570546466
349.77777777777777,170.2222222222222,62.380750433858715,6.238075043385871
349.3333333333333,169.77777777777777,6.285393610547067,0.6285393610547068
344.0,170.2222222222222,53.518198127965555,5.351819812796555
336.0,170.2222222222222,80.0,8.0
329.3333333333333,169.77777777777777,66.81465057054643,6.681465057054643
320.0,168.44444444444443,94.28090415820616,9.428090415820616
316.4444444444444,168.0,35.832256659105084,3.5832256659105086
311.55555555555554,166.66666666666666,50.67446333773918,5.067446333773918
307.1111111111111,164.88888888888889,47.868131618973464,4.786813161897347
301.77777777777777,165.77777777777777,54.069000269317314,5.406900026931732
304.0,161.77777777777777,45.758356182164476,4.5758356182164475
304.0,155.11111111111111,66.66666666666657,6.666666666666657
307.55555555555554,151.11111111111111,53.518198127965675,5.351819812796568
303.55555555555554,140.0,118.09182449410157,11.809182449410157
303.55555555555554,140.0,0.0,0.0
303.55555555555554,140.0,0.0,0.0
303.55555555555554,140.0,0.0,0.0
304.88888888888886,113.77777777777777,262.56098644874544,26.256098644874545
305.3333333333333,107.1111111111111,66.81465057054632,6.681465057054632
308.0,108.88888888888889,32.04934467079122,3.204934467079122
312.0,112.88888888888889,56.568542494923804,5.656854249492381
318.66666666666663,120.44444444444444,100.76252487781873,10.076252487781874
324.88888888888886,127.1111111111111,91.19237568303637,9.119237568303637
336.4444444444444,142.66666666666666,193.77981650303673,19.377981650303674
340.4444444444444,150.2222222222222,85.4905958296503,8.54905958296503
344.4444444444444,156.44444444444443,73.97029767597,7.397029767597
360.4444444444444,163.55555555555554,175.0908053652641,17.509080536526408
369.3333333333333,164.44444444444443,89.33222774329705,8.933222774329705
372.0,163.55555555555554,28.10913475705243,2.810913475705243
376.0,165.33333333333331,43.772701341315994,4.377270134131599
368.4444444444444,165.33333333333331,75.555555555556,7.5555555555556
359.55555555555554,163.11111111111111,91.62456945816987,9.162456945816988
348.0,164.0,115.89693164804696,11.589693164804697
343.55555555555554,164.44444444444443,44.66611387164851,4.466611387164852
330.22222222222223,164.44444444444443,133.33333333333314,13.333333333333314
332.0,165.77777777777777,22.22222222222223,2.2222222222222228
330.22222222222223,165.77777777777777,17.777777777777715,1.7777777777777715
319.1111111111111,166.2222222222222,111.19996447286078,11.119996447286079
318.66666666666663,169.33333333333331,31.426968052735496,3.1426968052735496
314.22222222222223,168.44444444444443,45.32461789860209,4.532461789860209
310.22222222222223,164.88888888888889,53.518198127965675,5.351819812796568
307.1111111111111,166.2222222222222,33.847880470506475,3.3847880470506473
309.3333333333333,165.77777777777777,22.662308949301295,2.2662308949301293
310.66666666666663,167.11111111111111,18.8561808316412,1.88561808316412
316.0,171.55555555555554,69.42444156361489,6.942444156361489
316.0,172.88888888888889,13.333333333333428,1.3333333333333428
316.0,174.66666666666666,17.777777777777715,1.7777777777777715
314.66666666666663,172.44444444444443,25.91534175486825,2.5915341754868253
310.66666666666663,169.33333333333331,50.67446333773948,5.067446333773948
307.55555555555554,167.11111111111111,38.23255674241134,3.823255674241134
307.55555555555554,164.0,31.111111111111143,3.1111111111111143
306.22222222222223,157.77777777777777,63.63476028122826,6.363476028122826
306.22222222222223,157.77777777777777,0.0,0.0
303.1111111111111,138.66666666666666,193.6268525403731,19.36268525403731
301.3333333333333,127.1111111111111,116.91507944858583,11.691507944858582
303.1111111111111,121.77777777777777,56.218269514104456,5.621826951410446
303.55555555555554,115.1111111111111,66.81465057054632,6.681465057054632
303.1111111111111,104.44444444444444,106.75921910634936,10.675921910634937
309.3333333333333,107.1111111111111,67.69576094101254,6.769576094101254
309.3333333333333,107.1111111111111,0.0,0.0
311.55555555555554,112.44444444444444,57.777777777777885,5.777777777777788
311.55555555555554,115.1111111111111,26.666666666666572,2.666666666666657
311.55555555555554,120.0,48.888888888889,4.8888888888889
314.22222222222223,129.77777777777777,101.3489266754789,10.134892667547891
316.0,140.0,103.7566002660334,10.37566002660334
316.88888888888886,156.88888888888889,169.1226452483595,16.91226452483595
317.3333333333333,164.0,71.24986463058403,7.124986463058403
317.3333333333333,167.55555555555554,35.55555555555543,3.555555555555543
313.77777777777777,171.11111111111111,50.283148884376736,5.028314888437674
313.77777777777777,171.11111111111111,0.0,0.0
312.88888888888886,171.11111111111111,8.888888888889142,0.8888888888889142
312.0,173.77777777777777,28.10913475705207,2.810913475705207
313.77777777777777,169.77777777777777,43.772701341315994,4.377270134131599
312.88888888888886,169.77777777777777,8.888888888889142,0.8888888888889142
322.66666666666663,169.33333333333331,97.87873575797879,9.787873575797878
325.77777777777777,168.88888888888889,31.426968052735734,3.1426968052735735
332.4444444444444,168.88888888888889,66.66666666666629,6.666666666666629
337.77777777777777,168.0,54.069000269317876,5.406900026931788
343.55555555555554,168.44444444444443,57.948465824023465,5.7948465824023465
349.77777777777777,168.88888888888889,62.380750433858736,6.238075043385874
358.66666666666663,169.33333333333331,88.9999306422254,8.899993064222539
365.3333333333333,169.33333333333331,66.66666666666686,6.666666666666686
372.88888888888886,169.77777777777777,75.68616162633944,7.568616162633944
380.88888888888886,169.33333333333331,80.12336167697755,8.012336167697756
380.0,172.0,28.109134757052338,2.8109134757052336
373.77777777777777,169.77777777777777,66.071416654749,6.6071416654749004
366.66666666666663,168.88888888888889,71.66451331820964,7.166451331820964
360.4444444444444,167.55555555555554,63.63476028122832,6.3634760281228315
351.1111111111111,167.11111111111111,93.43909351834931,9.343909351834931
344.4444444444444,167.55555555555554,66.81465057054643,6.681465057054643
333.77777777777777,169.33333333333331,108.13800053863463,10.813800053863464
329.3333333333333,170.66666666666666,46.401362261824815,4.640136226182482
319.55555555555554,172.88888888888889,100.27123709047531,10.027123709047531
314.22222222222223,170.66666666666666,57.77777777777763,5.777777777777763
309.77777777777777,168.44444444444443,49.69039949999547,4.969039949999547
310.66666666666663,164.44444444444443,40.975753143523875,4.097575314352388
306.66666666666663,155.11111111111111,101.54364141151859,10.15436414115186
308.88888888888886,153.77777777777777,25.915341754868106,2.5915341754868106
308.0,150.66666666666666,32.3560439523578,3.23560439523578
306.22222222222223,144.0,68.99633198337777,6.899633198337777
304.0,136.0,83.02907418786404,8.302907418786404
306.22222222222223,135.11111111111111,23.934065809486732,2.3934065809486733
306.22222222222223,130.22222222222223,48.88888888888886,4.888888888888886
303.55555555555554,118.66666666666666,118.59256945890094,11.859256945890094
301.3333333333333,114.22222222222221,49.69039949999534,4.969039949999534
305.77777777777777,117.33333333333333,54.25135829214991,5.425135829214991
308.0,120.0,34.71222078180743,3.4712220781807432
316.4444444444444,132.44444444444443,150.39043836167633,15.039043836167632
318.22222222222223,137.33333333333331,52.02088849208736,5.202088849208736
328.4444444444444,147.11111111111111,141.45627078079576,14.145627078079576
336.4444444444444,155.11111111111111,113.13708498984761,11.313708498984761
340.4444444444444,160.0,63.167424015786175,6.316742401578617
344.0,160.44444444444443,35.832256659105084,3.5832256659105086
346.66666666666663,165.33333333333331,55.688729271740534,5.568872927174054
341.3333333333333,167.11111111111111,56.21826951410441,5.6218269514104415
334.66666666666663,165.33333333333331,68.99633198337813,6.8996331983378125
328.0,162.2222222222222,73.56864603220788,7.356864603220788
324.0,158.2222222222222,56.568542494923804,5.656854249492381
317.3333333333333,155.11111111111111,73.56864603220828,7.356864603220828
313.3333333333333,150.2222222222222,63.1674240157864,6.31674240157864
310.22222222222223,142.22222222222223,85.83647962590172,8.583647962590172
304.4444444444444,130.22222222222223,133.18510278908198,13.318510278908198
308.0,127.55555555555554,44.44444444444491,4.444444444444491
307.1111111111111,121.33333333333333,62.85393610547085,6.285393610547085
302.66666666666663,110.22222222222221,119.6703290474335,11.96703290474335
304.88888888888886,103.55555555555554,70.27283689263072,7.027283689263072
306.66666666666663,101.33333333333333,28.45832994414589,2.845832994414589
304.4444444444444,99.1111111111111,31.426968052735536,3.1426968052735536
305.3333333333333,99.55555555555554,9.938079899999284,0.9938079899999284
308.4444444444444,104.0,54.25135829214975,5.425135829214975
313.77777777777777,112.88888888888889,103.66136701947218,10.366136701947218
316.0,121.77777777777777,91.62456945817023,9.162456945817024
319.55555555555554,128.88888888888889,79.5046391999925,7.950463919999249
328.4444444444444,141.77777777777777,156.56813292274234,15.656813292274233
334.66666666666663,147.11111111111111,81.95150628704799,8.195150628704798
340.0,152.0,72.3503137604434,7.23503137604434
348.88888888888886,158.2222222222222,108.50271658429921,10.850271658429921
356.4444444444444,164.0,95.11526470681203,9.511526470681202
368.4444444444444,167.11111111111111,123.96733938650092,12.396733938650092
367.1111111111111,168.44444444444443,18.856180831640998,1.8856180831640998
357.77777777777777,168.0,93.43909351834931,9.343909351834931
352.88888888888886,168.0,48.88888888888914,4.888888888888914
345.3333333333333,167.55555555555554,75.68616162633944,7.568616162633944
339.55555555555554,168.0,57.948465824023494,5.794846582402349
327.1111111111111,169.77777777777777,125.7078722109419,12.57078722109419
320.88888888888886,169.77777777777777,62.222222222222285,6.2222222222222285
320.4444444444444,170.66666666666666,9.938079899999094,0.9938079899999094
314.22222222222223,168.88888888888889,64.71208790471522,6.471208790471522
310.66666666666663,170.2222222222222,37.97334997918938,3.797334997918938
312.88888888888886,168.88888888888889,25.91534175486796,2.591534175486796
316.4444444444444,163.55555555555554,64.09868934158204,6.4098689341582045
312.0,162.66666666666666,45.32461789860209,4.532461789860209
319.1111111111111,164.88888888888889,74.50246495217849,7.450246495217849
326.22222222222223,165.77777777777777,71.66451331820964,7.166451331820964
330.22222222222223,165.33333333333331,40.24615616949964,4.024615616949964
344.88888888888886,165.33333333333331,146.6666666666663,14.666666666666629
356.88888888888886,164.88888888888889,120.08227632094486,12.008227632094485
364.0,164.88888888888889,71.11111111111143,7.111111111111143
377.3333333333333,166.66666666666666,134.5132973370803,13.45132973370803
382.66666666666663,164.0,59.62847939999418,5.962847939999418
377.3333333333333,157.33333333333331,85.37498983243802,8.537498983243802
364.0,154.2222222222222,136.91486045110528,13.691486045110528
354.66666666666663,154.2222222222222,93.33333333333371,9.333333333333371
344.4444444444444,156.0,103.75660026603344,10.375660026603345
338.22222222222223,160.0,73.97029767596952,7.397029767596952
336.4444444444444,163.11111111111111,35.83225665910494,3.5832256659104944
322.66666666666663,165.33333333333331,139.5583863831784,13.95583863831784
319.1111111111111,162.66666666666666,44.44444444444429,4.444444444444429
313.77777777777777,157.77777777777777,72.35031376044297,7.235031376044297
313.77777777777777,157.77777777777777,0.0,0.0
315.1111111111111,135.11111111111111,227.05848487901858,22.705848487901857
318.22222222222223,126.66666666666666,89.99314102807395,8.999314102807395
323.55555555555554,125.77777777777777,54.069000269317314,5.406900026931732
331.1111111111111,130.22222222222223,87.65814632584893,8.765814632584894
341.3333333333333,137.33333333333331,124.52378423219457,12.452378423219457
349.3333333333333,142.66666666666666,96.1480340123731,9.61480340123731
353.77777777777777,148.0,69.42444156361486,6.9424441563614865
350.66666666666663,135.55555555555554,128.27439724143852,12.827439724143852
345.3333333333333,130.22222222222223,75.4247233265648,7.54247233265648
336.4444444444444,129.33333333333331,89.33222774329708,8.933222774329709
324.4444444444444,130.66666666666666,120.7384685084989,12.07384685084989
312.0,132.88888888888889,126.41300136291417,12.641300136291417
309.77777777777777,134.22222222222223,25.915341754868106,2.5915341754868106
305.77777777777777,136.44444444444443,45.758356182164334,4.575835618216433
302.22222222222223,135.55555555555554,36.649827783267966,3.6649827783267965
303.55555555555554,133.33333333333331,25.91534175486796,2.591534175486796
310.22222222222223,132.88888888888889,66.81465057054643,6.681465057054643
302.66666666666663,119.55555555555554,153.25279688503736,15.325279688503736
303.55555555555554,110.66666666666666,89.3322277432968,8.93322277432968
303.55555555555554,110.66666666666666,0.0,0.0
305.3333333333333,110.22222222222221,18.324913891633983,1.8324913891633983
312.0,117.33333333333333,97.47427644205042,9.747427644205043
319.1111111111111,123.55555555555554,94.49018500208554,9.449018500208554
330.22222222222223,132.88888888888889,145.1095797094626,14.51095797094626
344.4444444444444,140.44444444444443,161.04596383994118,16.104596383994117
353.77777777777777,146.66666666666666,112.17270634776891,11.217270634776892
365.77777777777777,149.33333333333331,122.92725943057181,12.292725943057182
378.22222222222223,151.55555555555554,126.41300136291473,12.641300136291473
385.3333333333333,155.11111111111111,79.50463919999237,7.950463919999237
392.88888888888886,158.66666666666666,83.50352990247066,8.350352990247066
397.77777777777777,164.88888888888889,79.13108362117734,7.913108362117734
404.88888888888886,169.77777777777777,86.29550150643355,8.629550150643356
416.0,166.66666666666666,115.38448876219738,11.538448876219737
427.1111111111111,165.77777777777777,111.46609959097266,11.146609959097265
435.1111111111111,165.33333333333331,80.12336167697755,8.012336167697756
448.88888888888886,166.2222222222222,138.06421837341387,13.806421837341386
458.2222222222222,167.55555555555554,94.28090415820616,9.428090415820616
463.55555555555554,169.77777777777777,57.77777777777815,5.777777777777815
460.88888888888886,167.11111111111111,37.7123616632826,3.77123616632826
468.0,170.2222222222222,77.61888531810233,7.761888531810233
459.55555555555554,169.33333333333331,84.910991886857,8.4910991886857
453.3333333333333,170.66666666666666,63.63476028122832,6.3634760281228315
448.0,172.0,54.97474167490198,5.497474167490198
437.3333333333333,172.44444444444443,106.75921910634963,10.675921910634964
433.77777777777777,171.11111111111111,37.973349979188846,3.7973349979188846
426.2222222222222,171.11111111111111,75.555555555556,7.5555555555556
410.2222222222222,176.0,167.30249088638854,16.730249088638853
408.88888888888886,171.11111111111111,50.67446333773938,5.067446333773939
396.0,172.88888888888889,130.10916594048365,13.010916594048364
389.3333333333333,171.55555555555554,67.986926847904,6.7986926847904
379.1111111111111,173.77777777777777,104.6097981861318,10.460979818613179
368.0,175.11111111111111,111.90825166234795,11.190825166234795
365.77777777777777,173.33333333333331,28.458329944146183,2.8458329944146183
361.77777777777777,172.44444444444443,40.97575314352394,4.097575314352394
360.88888888888886,173.33333333333331,12.570787221094335,1.2570787221094335
375.55555555555554,174.66666666666666,147.27148022916367,14.727148022916367
383.1111111111111,173.33333333333331,76.7230066739202,7.67230066739202
398.2222222222222,174.2222222222222,151.37232325267888,15.137232325267888
404.0,172.44444444444443,60.45098003882465,6.045098003882465
412.0,173.33333333333331,80.49231233899926,8.049231233899926
402.2222222222222,172.88888888888889,97.87873575797936,9.787873575797935
402.2222222222222,171.55555555555554,13.333333333333428,1.3333333333333428
401.3333333333333,169.33333333333331,23.934065809486626,2.3934065809486627
395.1111111111111,173.77777777777777,76.46511348482348,7.646511348482347
400.4444444444444,175.55555555555554,56.21826951410432,5.621826951410432
393.3333333333333,174.66666666666666,71.66451331820907,7.166451331820907
384.88888888888886,174.2222222222222,84.56132262417991,8.456132262417992
377.77777777777777,172.88888888888889,72.35031376044286,7.235031376044286
371.55555555555554,172.0,62.85393610547095,6.285393610547095
370.66666666666663,169.77777777777777,23.934065809486835,2.3934065809486835
370.66666666666663,169.77777777777777,0.0,0.0
357.77777777777777,172.44444444444443,131.61860351076277,13.161860351076276
349.3333333333333,175.11111111111111,88.5549282007614,8.85549282007614
350.66666666666663,172.0,33.84788047050621,3.384788047050621
345.77777777777777,174.66666666666666,55.68872927174042,5.568872927174042
358.66666666666663,174.2222222222222,128.9654944759722,12.89654944759722
362.22222222222223,174.2222222222222,35.555555555556,3.5555555555555998
376.88888888888886,174.2222222222222,146.6666666666663,14.666666666666629
381.3333333333333,172.88888888888889,46.40136226182474,4.640136226182474
402.66666666666663,174.66666666666666,214.07279251186284,21.407279251186285
410.2222222222222,174.2222222222222,75.68616162633944,7.568616162633944
416.4444444444444,174.2222222222222,62.222222222222285,6.2222222222222285
428.0,176.44444444444443,117.67290928776691,11.767290928776692
428.88888888888886,174.2222222222222,23.934065809486626,2.3934065809486627
426.66666666666663,175.11111111111111,23.934065809486835,2.3934065809486835
421.77777777777777,175.11111111111111,48.88888888888857,4.888888888888857
421.3333333333333,172.88888888888889,22.662308949301355,2.2662308949301355
413.77777777777777,175.11111111111111,78.75575620741924,7.875575620741924
415.1111111111111,168.88888888888889,63.63476028122826,6.363476028122826
384.88888888888886,172.88888888888889,304.85778914920036,30.485778914920036
376.0,173.33333333333331,88.9999306422254,8.899993064222539
369.3333333333333,173.33333333333331,66.66666666666686,6.666666666666686
364.0,174.66666666666666,54.97474167490198,5.497474167490198
355.1111111111111,173.77777777777777,89.33222774329705,8.933222774329705
352.0,173.77777777777777,31.11111111111086,3.111111111111086
347.55555555555554,173.77777777777777,44.44444444444457,4.444444444444457
347.55555555555554,174.2222222222222,4.4444444444442865,0.44444444444442865
357.77777777777777,174.2222222222222,102.22222222222229,10.222222222222229
365.3333333333333,175.11111111111111,76.0766345272163,7.60766345272163
372.88888888888886,172.44444444444443,80.12336167697748,8.012336167697748
388.88888888888886,173.33333333333331,160.24672335395508,16.024672335395508
396.4444444444444,171.11111111111111,78.75575620741915,7.875575620741915
393.3333333333333,174.2222222222222,43.99775527382926,4.399775527382927
379.1111111111111,176.0,143.32902663641875,14.332902663641875
372.4444444444444,173.77777777777777,70.27283689263085,7.0272836892630846
363.1111111111111,172.44444444444443,94.28090415820616,9.428090415820616
354.22222222222223,170.2222222222222,91.62456945816994,9.162456945816995
343.55555555555554,172.0,108.13800053863524,10.813800053863524
340.0,170.2222222222222,39.75231959999625,3.9752319599996246
335.55555555555554,169.33333333333331,45.32461789860265,4.532461789860265
335.55555555555554,169.33333333333331,0.0,0.0
328.4444444444444,173.33333333333331,81.5891544474928,8.15891544474928
339.55555555555554,173.77777777777777,111.1999644728608,11.11999644728608
352.88888888888886,174.66666666666666,133.62930114109233,13.362930114109233
356.88888888888886,174.2222222222222,40.24615616949964,4.024615616949964
365.77777777777777,174.66666666666666,88.99993064222598,8.899993064222597
371.55555555555554,174.2222222222222,57.948465824023494,5.794846582402349
384.88888888888886,173.77777777777777,133.40738684269877,13.340738684269876
400.4444444444444,175.11111111111111,156.12593840222473,15.612593840222473
412.4444444444444,176.44444444444443,120.73846850849887,12.073846850849886
415.55555555555554,175.11111111111111,33.847880470506475,3.3847880470506473
423.55555555555554,174.66666666666666,80.12336167697755,8.012336167697756
434.66666666666663,174.2222222222222,111.19996447286023,11.119996447286024
421.77777777777777,171.11111111111111,132.59052346823339,13.259052346823339
421.77777777777777,171.11111111111111,0.0,0.0
434.66666666666663,171.55555555555554,128.9654944759722,12.89654944759722
432.88888888888886,167.11111111111111,47.868131618973194,4.786813161897319
424.4444444444444,160.44444444444443,107.58860832809093,10.758860832809093
416.4444444444444,153.33333333333331,107.03639625593154,10.703639625593153
402.2222222222222,132.88888888888889,249.04756846438923,24.90475684643892
392.88888888888886,117.33333333333333,181.4073922840759,18.14073922840759
391.55555555555554,112.0,54.97474167490205,5.497474167490205
381.3333333333333,100.44444444444444,154.2804885129759,15.42804885129759
372.0,94.22222222222221,112.17270634776844,11.217270634776844
361.77777777777777,93.77777777777777,102.31879496196751,10.23187949619675
356.4444444444444,93.33333333333333,53.51819812796613,5.351819812796613
348.88888888888886,93.77777777777777,75.68616162633944,7.568616162633944
334.66666666666663,91.1111111111111,144.70062752088634,14.470062752088634
320.88888888888886,91.1111111111111,137.77777777777771,13.777777777777771
316.4444444444444,92.44444444444444,46.401362261824815,4.640136226182482
312.4444444444444,88.88888888888889,53.51819812796577,5.351819812796577
311.55555555555554,91.55555555555556,28.109134757052207,2.8109134757052208
317.3333333333333,95.1111111111111,67.8415000998832,6.784150009988321
318.22222222222223,96.44444444444444,16.024672335395728,1.6024672335395729
327.55555555555554,98.66666666666666,95.94236953299047,9.594236953299047
340.0,89.77777777777777,152.93022696964678,15.293022696964679
345.3333333333333,87.55555555555556,57.77777777777757,5.777777777777757
349.3333333333333,84.88888888888889,48.07401700618655,4.807401700618655
357.3333333333333,86.22222222222221,81.10350040397626,8.110350040397625
349.77777777777777,84.44444444444444,77.618885318102,7.7618885318102
353.3333333333333,91.1111111111111,75.55555555555542,7.555555555555541
347.1111111111111,97.33333333333333,87.99551054765934,8.799551054765933
340.88888888888886,100.44444444444444,69.56655929999353,6.956655929999353
325.3333333333333,100.88888888888889,155.61903466676964,15.561903466676963
320.88888888888886,99.55555555555554,46.401362261824815,4.640136226182482
314.22222222222223,103.55555555555554,77.74602526460369,7.774602526460368
309.77777777777777,103.1111111111111,44.66611387164853,4.4666113871648525
314.22222222222223,103.1111111111111,44.44444444444457,4.444444444444457
325.3333333333333,111.55555555555554,139.5583863831783,13.955838638317829
333.3333333333333,120.44444444444444,119.58776930732195,11.958776930732196
350.22222222222223,132.0,204.6375899239351,20.46375899239351
361.3333333333333,138.66666666666666,129.57670877433975,12.957670877433975
380.88888888888886,147.11111111111111,213.00901273460897,21.300901273460898
392.0,151.55555555555554,119.67032904743365,11.967032904743366
402.66666666666663,156.0,115.55555555555526,11.555555555555525
414.66666666666663,160.88888888888889,129.57670877434,12.957670877434001
434.2222222222222,164.44444444444443,198.76159799998115,19.876159799998113
441.77777777777777,165.77777777777777,76.72300667392075,7.672300667392075
450.2222222222222,165.77777777777777,84.444444444444,8.4444444444444
455.1111111111111,164.0,52.020888492087444,5.202088849208744
458.2222222222222,156.0,85.83647962590199,8.583647962590199
451.55555555555554,150.66666666666666,85.37498983243775,8.537498983243776
439.55555555555554,148.88888888888889,121.30972501294382,12.130972501294382
428.4444444444444,152.88888888888889,118.09182449410183,11.809182449410184
433.3333333333333,148.0,69.13932971601814,6.913932971601814
437.3333333333333,148.88888888888889,40.97575314352394,4.097575314352394
447.55555555555554,152.88888888888889,109.769680313142,10.9769680313142
456.88888888888886,156.88888888888889,101.54364141151859,10.15436414115186
461.3333333333333,160.88888888888889,59.79388465366103,5.979388465366103
472.4444444444444,169.33333333333331,139.5583863831782,13.95583863831782
466.2222222222222,173.77777777777777,76.46511348482348,7.646511348482347
459.1111111111111,170.2222222222222,79.50463919999237,7.950463919999237
452.88888888888886,168.44444444444443,64.71208790471576,6.471208790471576
448.0,166.66666666666666,52.020888492086904,5.202088849208691
443.1111111111111,164.88888888888889,52.020888492087444,5.202088849208744
427.55555555555554,165.33333333333331,155.6190346667696,15.561903466676961
416.4444444444444,166.2222222222222,111.46609959097322,11.146609959097322
412.0,167.11111111111111,45.32461789860215,4.532461789860215
403.1111111111111,167.11111111111111,88.88888888888914,8.888888888888914
390.22222222222223,167.55555555555554,128.9654944759722,12.89654944759722
380.0,168.0,102.31879496196751,10.23187949619675
366.66666666666663,166.66666666666666,133.9983416149456,13.399834161494558
348.0,164.88888888888889,187.51131653092392,18.751131653092393
339.1111111111111,165.33333333333331,88.99993064222596,8.899993064222596
330.66666666666663,166.66666666666666,85.49059582965056,8.549059582965056
324.4444444444444,166.66666666666666,62.222222222222285,6.2222222222222285
314.66666666666663,164.88888888888889,99.38079899999057,9.938079899999057
310.66666666666663,162.66666666666666,45.758356182164476,4.5758356182164475
310.66666666666663,168.0,53.33333333333343,5.333333333333343
316.88888888888886,171.55555555555554,71.66451331820932,7.166451331820932
324.88888888888886,169.77777777777777,81.95150628704788,8.195150628704788
337.77777777777777,167.55555555555554,130.79056861833058,13.079056861833058
347.55555555555554,165.33333333333331,100.27123709047531,10.027123709047531
360.0,164.0,125.1566919140332,12.51566919140332
372.0,163.11111111111111,120.32876773938563,12.032876773938563
380.88888888888886,164.0,89.33222774329649,8.933222774329648
389.77777777777777,164.0,88.88888888888914,8.888888888888914
393.3333333333333,167.11111111111111,47.24509250104281,4.724509250104282
390.22222222222223,168.88888888888889,35.83225665910442,3.5832256659104416
382.66666666666663,168.0,76.07663452721683,7.607663452721683
367.55555555555554,168.44444444444443,151.1764564595104,15.11764564595104
357.77777777777777,168.44444444444443,97.77777777777771,9.777777777777771
345.3333333333333,168.88888888888889,124.5237842321948,12.45237842321948
334.22222222222223,170.2222222222222,111.90825166234792,11.190825166234792
331.55555555555554,169.77777777777777,27.034500134658913,2.703450013465891
320.0,169.77777777777777,115.55555555555543,11.555555555555543
316.0,168.44444444444443,42.16370213557842,4.216370213557842
311.1111111111111,166.66666666666666,52.020888492087444,5.202088849208744
310.22222222222223,168.0,16.02467233539541,1.6024672335395411
309.77777777777777,149.77777777777777,182.27641470586565,18.227641470586565
319.1111111111111,148.0,95.01137033969736,9.501137033969737
334.22222222222223,149.33333333333331,151.6982059188982,15.16982059188982
334.22222222222223,155.55555555555554,62.222222222222285,6.2222222222222285
337.3333333333333,141.33333333333331,145.58523870363734,14.558523870363734
336.0,133.33333333333331,81.10350040397623,8.110350040397623
328.88888888888886,125.77777777777777,103.75660026603347,10.375660026603347
322.22222222222223,121.77777777777777,77.74602526460369,7.774602526460368
321.3333333333333,120.0,19.876159799998188,1.9876159799998188
316.88888888888886,121.77777777777777,47.868131618973464,4.786813161897347
319.1111111111111,115.1111111111111,70.27283689263072,7.027283689263072
326.22222222222223,121.77777777777777,97.47427644205052,9.747427644205052
332.0,125.33333333333333,67.84150009988328,6.784150009988328
346.66666666666663,129.33333333333331,152.023390013218,15.2023390013218
350.66666666666663,135.55555555555554,73.97029767597,7.397029767597
347.1111111111111,121.33333333333333,146.59931113307226,14.659931113307227
341.77777777777777,117.33333333333333,66.66666666666652,6.666666666666652
331.1111111111111,111.55555555555554,121.30972501294403,12.130972501294403
324.4444444444444,107.1111111111111,80.1233616769777,8.01233616769777
322.22222222222223,108.44444444444444,25.915341754867615,2.5915341754867613
316.0,98.22222222222221,119.67032904743351,11.967032904743352
316.88888888888886,93.77777777777777,45.324617898602455,4.532461789860245
318.22222222222223,90.66666666666666,33.84788047050644,3.3847880470506437
310.66666666666663,90.66666666666666,75.555555555556,7.5555555555556
312.4444444444444,97.33333333333333,68.99633198337791,6.899633198337791
325.3333333333333,103.55555555555554,143.12215278315236,14.312215278315236
335.1111111111111,108.88888888888889,111.37745854348148,11.137745854348148
346.22222222222223,116.44444444444444,134.36636851405336,13.436636851405336
368.88888888888886,134.22222222222223,288.06720752175625,28.806720752175625
378.22222222222223,144.0,135.172500673294,13.5172500673294
388.4444444444444,152.0,129.80517214675723,12.980517214675723
404.4444444444444,160.88888888888889,183.03342472865776,18.303342472865776
410.2222222222222,163.55555555555554,63.63476028122814,6.363476028122814
418.2222222222222,165.77777777777777,83.02907418786404,8.302907418786404
428.4444444444444,165.33333333333331,102.31879496196751,10.23187949619675
442.2222222222222,164.88888888888889,137.8494437268517,13.78494437268517
449.3333333333333,164.88888888888889,71.11111111111143,7.111111111111143
452.88888888888886,164.0,36.649827783267966,3.6649827783267965
460.0,165.33333333333331,72.35031376044341,7.235031376044342
455.55555555555554,168.44444444444443,54.25135829214991,5.425135829214991
444.88888888888886,165.77777777777777,109.94948334980444,10.994948334980444
434.66666666666663,164.44444444444443,103.08812004216188,10.308812004216188
418.66666666666663,166.2222222222222,160.9846246779985,16.098462467799852
407.1111111111111,167.11111111111111,115.89693164804699,11.589693164804698
396.88888888888886,167.55555555555554,102.31879496196751,10.23187949619675
391.1111111111111,168.0,57.948465824023494,5.794846582402349
371.55555555555554,164.0,199.6045473145387,19.960454731453872
362.22222222222223,162.66666666666666,94.28090415820616,9.428090415820616
350.66666666666663,164.88888888888889,117.67290928776691,11.767290928776692
343.55555555555554,166.2222222222222,72.35031376044286,7.235031376044286
321.77777777777777,168.44444444444443,218.90862855155106,21.890862855155106
317.77777777777777,164.44444444444443,56.568542494923804,5.656854249492381
315.55555555555554,167.11111111111111,34.71222078180754,3.471222078180754
316.88888888888886,157.77777777777777,94.2809041582064,9.42809041582064
318.22222222222223,155.55555555555554,25.91534175486825,2.5915341754868253
326.66666666666663,154.2222222222222,85.49059582964999,8.549059582964999
334.66666666666663,155.55555555555554,81.10350040397628,8.110350040397629
355.1111111111111,161.77777777777777,213.70338275860118,21.370338275860117
366.66666666666663,163.11111111111111,116.32224291824345,11.632224291824345
376.4444444444444,165.33333333333331,100.27123709047525,10.027123709047526
389.77777777777777,166.2222222222222,133.6293011410929,13.36293011410929
402.2222222222222,168.0,125.70787221094137,12.570787221094138
412.4444444444444,169.33333333333331,103.08812004216182,10.308812004216183
411.1111111111111,172.0,29.81423969999728,2.981423969999728
404.4444444444444,170.2222222222222,68.99633198337813,6.8996331983378125
390.22222222222223,168.0,143.9478643617919,14.394786436179189
382.66666666666663,166.2222222222222,77.61888531810261,7.7618885318102615
370.22222222222223,166.2222222222222,124.444444444444,12.4444444444444
356.0,167.11111111111111,142.49972926116806,14.249972926116806
344.0,167.55555555555554,120.08227632094486,12.008227632094485
335.1111111111111,167.11111111111111,88.99993064222596,8.899993064222596
318.66666666666663,167.11111111111111,164.44444444444457,16.444444444444457
313.3333333333333,166.66666666666666,53.51819812796558,5.351819812796558
307.1111111111111,166.2222222222222,62.380750433858736,6.238075043385874
309.3333333333333,170.2222222222222,45.758356182164476,4.5758356182164475
311.55555555555554,171.11111111111111,23.934065809486835,2.3934065809486835
312.4444444444444,168.88888888888889,23.934065809486626,2.3934065809486627
317.3333333333333,167.11111111111111,52.020888492087444,5.202088849208744
322.66666666666663,165.77777777777777,54.97474167490198,5.497474167490198
337.77777777777777,165.77777777777777,151.11111111111143,15.111111111111143
357.3333333333333,166.2222222222222,195.60605408591442,19.560605408591442
368.4444444444444,166.2222222222222,111.11111111111086,11.111111111111086
376.88888888888886,167.11111111111111,84.91099188685705,8.491099188685705
392.4444444444444,167.55555555555554,155.6190346667696,15.561903466676961
401.77777777777777,167.11111111111111,93.43909351834988,9.343909351834988
406.66666666666663,160.88888888888889,79.131083621177,7.9131083621177
400.88888888888886,160.0,58.45753972429284,5.845753972429284
388.4444444444444,158.66666666666666,125.15669191403323,12.515669191403322
370.22222222222223,150.2222222222222,200.83775160346633,20.083775160346633
362.22222222222223,140.88888888888889,122.92725943057168,12.292725943057167
352.0,126.66666666666666,175.14720440211593,17.514720440211594
347.55555555555554,119.55555555555554,83.85761006272546,8.385761006272546
343.1111111111111,114.66666666666666,66.07141665474897,6.607141665474897
334.66666666666663,108.0,107.58860832809074,10.758860832809074
331.55555555555554,101.77777777777777,69.5665592999934,6.95665592999934
319.1111111111111,96.88888888888889,133.70319072436743,13.370319072436743
316.0,96.0,32.35604395235761,3.235604395235761
318.66666666666663,96.88888888888889,28.10913475705189,2.8109134757051892
324.4444444444444,100.0,65.62143582325952,6.562143582325952
333.77777777777777,102.66666666666666,97.06813185707392,9.706813185707393
351.1111111111111,105.77777777777777,176.10322449919047,17.610322449919046
363.55555555555554,100.0,137.20310258162792,13.720310258162792
373.3333333333333,96.0,105.64323843559738,10.564323843559738
383.55555555555554,94.66666666666666,103.08812004216188,10.308812004216188
391.55555555555554,94.66666666666666,80.0,8.0
396.4444444444444,96.44444444444444,52.020888492086954,5.202088849208695
389.3333333333333,92.0,83.85761006272514,8.385761006272514
379.1111111111111,92.44444444444444,102.31879496196751,10.23187949619675
373.77777777777777,92.88888888888889,53.51819812796557,5.351819812796557
361.77777777777777,91.1111111111111,121.30972501294384,12.130972501294384
352.88888888888886,91.55555555555556,88.99993064222598,8.899993064222597
342.22222222222223,92.88888888888889,107.49676997731362,10.749676997731362
337.3333333333333,92.0,49.69039949999557,4.969039949999557
334.22222222222223,93.77777777777777,35.83225665910442,3.5832256659104416
319.55555555555554,92.88888888888889,146.9357800428139,14.693578004281388
314.66666666666663,90.22222222222221,55.68872927174099,5.568872927174099
309.77777777777777,88.44444444444444,52.020888492086904,5.202088849208691
308.0,82.66666666666666,60.45098003882425,6.0450980038824245
307.55555555555554,96.88888888888889,142.29164972073002,14.229164972073002
316.0,100.44444444444444,91.62456945817036,9.162456945817036
323.55555555555554,98.66666666666666,77.61888531810203,7.761888531810203
341.77777777777777,96.44444444444444,183.57223491611902,18.3572234916119
352.0,95.1111111111111,103.08812004216188,10.308812004216188
361.77777777777777,94.66666666666666,97.87873575797877,9.787873575797878
373.3333333333333,92.88888888888889,116.91507944858569,11.691507944858568
391.1111111111111,93.33333333333333,177.83332465548932,17.78333246554893
396.88888888888886,93.77777777777777,57.94846582402348,5.794846582402348
405.77777777777777,95.55555555555556,90.64923579720532,9.064923579720531
422.2222222222222,105.33333333333333,191.3177177780519,19.13177177780519
431.55555555555554,110.66666666666666,107.4967699773143,10.74967699773143
436.4444444444444,114.22222222222221,60.45098003882394,6.045098003882394
449.77777777777777,133.77777777777777,236.68492365678864,23.668492365678865
459.55555555555554,145.33333333333331,151.37232325267897,15.137232325267897
453.77777777777777,151.55555555555554,84.91099188685689,8.49109918868569
440.0,153.33333333333331,138.91999651633577,13.891999651633578
430.66666666666663,155.11111111111111,95.01137033969798,9.501137033969798
416.4444444444444,156.44444444444443,142.84585493322845,14.284585493322846
405.77777777777777,156.88888888888889,106.75921910634908,10.675921910634909
396.88888888888886,158.2222222222222,89.88332629402993,8.988332629402993
382.66666666666663,161.33333333333331,145.5852387036374,14.55852387036374
377.3333333333333,164.0,59.62847939999431,5.962847939999431
368.0,166.2222222222222,95.94236953299044,9.594236953299044
356.4444444444444,166.2222222222222,115.555555555556,11.5555555555556
346.22222222222223,168.0,103.75660026603289,10.375660026603288
345.3333333333333,163.11111111111111,49.69039949999534,4.969039949999534
349.77777777777777,159.11111111111111,59.79388465366103,5.979388465366103
361.77777777777777,159.11111111111111,120.0,12.0
376.0,160.44444444444443,142.84585493322845,14.284585493322846
385.77777777777777,161.77777777777777,98.6826813829978,9.86826813829978
395.55555555555554,158.66666666666666,102.60796782769057,10.260796782769058
406.66666666666663,148.88888888888889,148.00734049197055,14.800734049197056
411.55555555555554,144.0,69.13932971601814,6.913932971601814
420.0,140.44444444444443,91.62456945817041,9.162456945817041
426.2222222222222,129.77777777777777,123.48839101733125,12.348839101733125
429.77777777777777,121.33333333333333,91.6245694581704,9.16245694581704
436.4444444444444,107.1111111111111,157.0719737517536,15.70719737517536
436.4444444444444,102.22222222222221,48.88888888888886,4.888888888888886
440.88888888888886,95.55555555555556,80.12336167697752,8.012336167697752
448.88888888888886,95.1111111111111,80.12336167697755,8.012336167697756
453.77777777777777,94.22222222222221,49.69039949999557,4.969039949999557
457.3333333333333,97.33333333333333,47.24509250104281,4.724509250104282
457.3333333333333,97.33333333333333,0.0,0.0
467.1111111111111,100.0,101.34892667547888,10.134892667547888
462.66666666666663,104.44444444444444,62.85393610547097,6.285393610547097
448.0,114.66666666666666,178.77498098772202,17.8774980987722
433.77777777777777,126.66666666666666,186.08374591518512,18.608374591518512
427.1111111111111,136.44444444444443,118.34246182839425,11.834246182839426
422.2222222222222,143.11111111111111,82.6714455010593,8.267144550105929
404.0,160.88888888888889,254.57783985101622,25.45778398510162
401.3333333333333,164.88888888888889,48.07401700618663,4.807401700618663
396.0,168.44444444444443,64.0986893415818,6.4098689341581805
396.88888888888886,170.2222222222222,19.876159799997932,1.9876159799997932
407.55555555555554,170.2222222222222,106.66666666666686,10.666666666666686
414.2222222222222,170.2222222222222,66.66666666666629,6.666666666666629
420.4444444444444,168.88888888888889,63.63476028122826,6.363476028122826
433.3333333333333,169.77777777777777,129.19503869998812,12.919503869998811
441.3333333333333,170.2222222222222,80.12336167697752,8.012336167697752
445.3333333333333,169.33333333333331,40.97575314352394,4.097575314352394
448.4444444444444,168.88888888888889,31.426968052735173,3.142696805273517
451.55555555555554,168.44444444444443,31.426968052735777,3.1426968052735775
457.3333333333333,169.33333333333331,58.45753972429284,5.845753972429284
459.1111111111111,168.88888888888889,18.324913891633948,1.8324913891633947
468.0,170.2222222222222,89.88332629402993,8.988332629402993
472.88888888888886,168.88888888888889,50.67446333773911,5.067446333773911
479.1111111111111,167.55555555555554,63.63476028122832,6.3634760281228315
485.77777777777777,164.44444444444443,73.5686460322084,7.35686460322084
484.0,162.2222222222222,28.458329944146005,2.8458329944146006
485.3333333333333,154.66666666666666,76.72300667392015,7.672300667392015
483.1111111111111,152.44444444444443,31.426968052735536,3.1426968052735536
484.0,143.11111111111111,93.75565826546199,9.375565826546199
483.55555555555554,128.44444444444443,146.73399128194845,14.673399128194845
483.55555555555554,128.44444444444443,0.0,0.0
479.1111111111111,113.77777777777777,153.252796885037,15.325279688503699
484.88888888888886,96.88888888888889,178.49853891576174,17.849853891576174
481.77777777777777,94.66666666666666,38.232556742411504,3.8232556742411505
481.77777777777777,94.66666666666666,0.0,0.0
490.2222222222222,100.0,99.87646690775182,9.987646690775183
481.3333333333333,101.33333333333333,89.88332629402939,8.988332629402938
481.3333333333333,104.88888888888889,35.55555555555557,3.555555555555557
481.3333333333333,104.88888888888889,0.0,0.0
480.88888888888886,108.44444444444444,35.832256659104694,3.5832256659104695
482.66666666666663,96.88888888888889,116.91507944858583,11.691507944858582
484.0,89.33333333333333,76.7230066739204,7.672300667392039
485.3333333333333,84.88888888888889,46.4013622618246,4.64013622618246
