"X, Y, Velocity, Distance"
152.67857142857144,122.32142857142858,0.0001,0.0001
154.9107142857143,118.30357142857143,45.96263455797779,4.5962634557977795
165.17857142857144,109.375,136.0692022690015,13.606920226900149
175.0,108.03571428571429,99.12322906774321,9.912322906774321
182.14285714285714,108.03571428571429,71.42857142857139,7.142857142857139
193.30357142857144,105.35714285714286,114.77642975162914,11.477642975162913
200.0,102.67857142857143,72.1227429526941,7.21227429526941
207.14285714285717,100.44642857142858,74.835065242144,7.4835065242144
212.94642857142858,99.10714285714286,59.56100028627817,5.956100028627818
215.625,100.44642857142858,29.947338984372113,2.9947338984372114
223.21428571428572,99.10714285714286,77.06552009657183,7.706552009657183
229.01785714285717,98.21428571428572,58.71851088377652,5.871851088377651
233.48214285714286,98.21428571428572,44.64285714285694,4.464285714285694
241.07142857142858,97.76785714285715,76.02404627645723,7.602404627645723
242.4107142857143,99.55357142857143,22.321428571428555,2.2321428571428554
249.10714285714286,99.55357142857143,66.96428571428555,6.696428571428555
255.35714285714286,100.89285714285715,63.91884403248373,6.3918844032483735
260.26785714285717,101.78571428571429,49.9122316406205,4.99122316406205
264.7321428571429,103.57142857142858,48.0818286351296,4.808182863512959
266.0714285714286,104.91071428571429,18.940360210353965,1.8940360210353966
269.64285714285717,104.01785714285715,36.813443085871796,3.6813443085871795
276.3392857142857,98.21428571428572,88.61354125571064,8.861354125571065
278.125,97.32142857142858,19.96489265624803,1.996489265624803
277.67857142857144,99.55357142857143,22.76347997139623,2.2763479971396228
281.6964285714286,97.32142857142858,45.96263455797784,4.596263455797784
276.7857142857143,100.0,55.93733967027567,5.593733967027567
274.55357142857144,101.78571428571429,28.585376059967924,2.8585376059967924
272.76785714285717,103.125,22.32142857142847,2.232142857142847
266.51785714285717,104.01785714285715,63.13453403451319,6.313453403451319
262.5,104.91071428571429,41.15868061291491,4.115868061291491
262.5,106.69642857142858,17.857142857142918,1.7857142857142918
257.5892857142857,108.92857142857143,53.942169524975654,5.394216952497565
254.46428571428572,112.05357142857143,44.19417382415922,4.419417382415922
252.23214285714286,115.17857142857143,38.403237799297465,3.8403237799297463
249.55357142857144,118.30357142857143,41.158680612914594,4.11586806129146
246.875,121.42857142857143,41.158680612914786,4.115868061291478
244.19642857142858,126.33928571428572,55.93733967027529,5.5937339670275295
243.30357142857144,129.01785714285714,28.234621965788975,2.8234621965788973
241.51785714285717,132.58928571428572,39.929785312496314,3.9929785312496313
235.26785714285717,135.71428571428572,69.87712429686843,6.987712429686843
230.35714285714286,137.94642857142858,53.942169524975974,5.394216952497597
228.125,140.625,34.86718605315464,3.486718605315464
221.42857142857144,142.85714285714286,70.58655491447261,7.0586554914472615
212.05357142857144,145.08928571428572,96.37068368269153,9.637068368269153
210.26785714285717,146.42857142857144,22.321428571428555,2.2321428571428554
206.69642857142858,149.55357142857144,47.45600809256549,4.745600809256549
204.01785714285717,152.23214285714286,37.88072042070773,3.788072042070773
200.44642857142858,155.35714285714286,47.45600809256549,4.745600809256549
199.10714285714286,158.0357142857143,29.947338984372365,2.9947338984372367
200.89285714285717,159.82142857142858,25.253813613805356,2.5253813613805356
201.7857142857143,163.39285714285714,36.813443085871796,3.6813443085871795
208.48214285714286,164.2857142857143,67.55690156438182,6.755690156438182
213.39285714285717,164.2857142857143,49.10714285714306,4.910714285714306
220.08928571428572,164.2857142857143,66.96428571428555,6.696428571428555
230.80357142857144,162.05357142857144,109.44330957260065,10.944330957260066
226.33928571428572,165.17857142857144,54.493551855954095,5.44935518559541
233.48214285714286,163.83928571428572,72.67330623258795,7.267330623258795
236.1607142857143,163.39285714285714,27.155189867402946,2.7155189867402947
240.625,162.5,45.526959942792516,4.552695994279252
244.19642857142858,162.05357142857144,35.992222090618625,3.5992222090618626
250.89285714285717,161.60714285714286,67.11293026059347,6.711293026059347
252.67857142857144,163.39285714285714,25.253813613805153,2.525381361380515
255.80357142857144,162.94642857142858,31.56726701725656,3.156726701725656
258.92857142857144,163.39285714285714,31.56726701725656,3.156726701725656
263.39285714285717,160.26785714285714,54.493551855954095,5.44935518559541
266.51785714285717,151.7857142857143,90.39489612194882,9.039489612194881
266.51785714285717,148.6607142857143,31.25,3.125
266.51785714285717,148.6607142857143,0.0,0.0
268.30357142857144,139.73214285714286,91.05391988558559,9.105391988558559
268.30357142857144,139.73214285714286,0.0,0.0
264.2857142857143,128.125,122.82871868033587,12.282871868033586
260.26785714285717,126.33928571428572,43.96811518658942,4.396811518658942
254.46428571428572,124.55357142857143,60.72085048542626,6.072085048542626
251.33928571428572,125.44642857142858,32.5004905771452,3.25004905771452
247.76785714285717,125.44642857142858,35.71428571428555,3.571428571428555
242.4107142857143,122.76785714285715,59.89467796874441,5.989467796874441
239.73214285714286,118.30357142857143,52.062070489690335,5.206207048969033
235.26785714285717,115.17857142857143,54.49355185595386,5.449355185595386
236.1607142857143,111.60714285714286,36.81344308587194,3.6813443085871937
234.375,113.39285714285715,25.253813613805455,2.5253813613805454
240.17857142857144,110.26785714285715,65.91438866175639,6.591438866175639
240.17857142857144,110.26785714285715,0.0,0.0
243.30357142857144,108.03571428571429,38.403237799297465,3.8403237799297463
249.10714285714286,103.57142857142858,73.2197297627531,7.32197297627531
253.125,101.78571428571429,43.96811518658974,4.396811518658974
257.14285714285717,100.0,43.968115186590005,4.396811518659001
259.8214285714286,100.89285714285715,28.234621965789287,2.823462196578929
266.9642857142857,106.69642857142858,92.03360771467969,9.203360771467969
270.5357142857143,110.71428571428572,53.75711865532261,5.375711865532261
273.6607142857143,113.39285714285715,41.15868061291469,4.115868061291469
276.3392857142857,114.73214285714286,29.9473389843723,2.99473389843723
275.89285714285717,117.41071428571429,27.15518986740276,2.715518986740276
275.89285714285717,117.41071428571429,0.0,0.0
275.89285714285717,117.41071428571429,0.0,0.0
272.76785714285717,118.30357142857143,32.50049057714516,3.2500490577145156
269.1964285714286,121.42857142857143,47.45600809256528,4.745600809256528
266.0714285714286,125.0,47.45600809256538,4.745600809256539
261.1607142857143,128.57142857142858,60.72085048542655,6.072085048542656
251.33928571428572,132.58928571428572,106.11486003575621,10.61148600357562
250.0,135.26785714285714,29.947338984372113,2.9947338984372114
247.76785714285717,138.83928571428572,42.11598719668124,4.211598719668124
241.51785714285717,143.75,79.48434738734305,7.948434738734305
239.73214285714286,146.875,35.992222090618625,3.5992222090618626
237.5,150.0,38.403237799297465,3.8403237799297463
234.375,153.125,44.19417382415922,4.419417382415922
227.67857142857144,158.0357142857143,83.04051445418871,8.304051445418871
221.875,159.82142857142858,60.72085048542622,6.072085048542622
217.4107142857143,161.60714285714286,48.081828635129284,4.808182863512928
214.73214285714286,162.94642857142858,29.947338984372365,2.9947338984372367
211.1607142857143,162.05357142857144,36.813443085871796,3.6813443085871795
208.92857142857144,163.83928571428572,28.585376059968056,2.8585376059968057
208.92857142857144,159.82142857142858,40.17857142857139,4.017857142857139
214.73214285714286,156.25,68.1443639396149,6.814436393961491
218.75,154.01785714285714,45.962634557977665,4.596263455797766
230.80357142857144,151.33928571428572,123.47604183874417,12.347604183874417
236.60714285714286,150.0,59.56100028627817,5.956100028627818
245.5357142857143,146.875,94.59651830543359,9.45965183054336
248.21428571428572,144.19642857142858,37.88072042070773,3.788072042070773
254.9107142857143,138.39285714285714,88.61354125571094,8.861354125571093
256.6964285714286,134.375,43.9681151865898,4.39681151865898
260.26785714285717,131.69642857142858,44.64285714285694,4.464285714285694
263.8392857142857,125.89285714285715,68.14436393961488,6.814436393961488
267.8571428571429,122.32142857142858,53.75711865532292,5.375711865532292
270.0892857142857,120.53571428571429,28.585376059967924,2.8585376059967924
273.6607142857143,117.85714285714286,44.642857142857025,4.464285714285703
276.7857142857143,114.73214285714286,44.19417382415922,4.419417382415922
279.01785714285717,112.05357142857143,34.86718605315493,3.486718605315493
279.9107142857143,114.28571428571429,24.040914317564667,2.404091431756467
280.3571428571429,112.5,18.406721542936143,1.8406721542936144
279.01785714285717,111.16071428571429,18.940360210353965,1.8940360210353966
282.5892857142857,104.46428571428572,75.89285714285705,7.5892857142857055
283.0357142857143,95.53571428571429,89.39725176116424,8.939725176116424
280.3571428571429,95.98214285714286,27.155189867402363,2.7155189867402365
280.3571428571429,95.98214285714286,0.0,0.0
280.80357142857144,102.23214285714286,62.65923592686695,6.265923592686695
282.14285714285717,104.46428571428572,26.031035244845167,2.6031035244845167
279.01785714285717,105.80357142857143,33.99898707974957,3.3998987079749567
279.01785714285717,105.80357142857143,0.0,0.0
279.01785714285717,107.58928571428572,17.857142857142918,1.7857142857142918
277.67857142857144,113.39285714285715,59.56100028627831,5.956100028627831
279.4642857142857,116.51785714285715,35.99222209061848,3.5992222090618484
279.9107142857143,119.19642857142858,27.15518986740276,2.715518986740276
279.9107142857143,120.98214285714286,17.857142857142776,1.7857142857142776
277.2321428571429,122.32142857142858,29.947338984371857,2.9947338984371856
274.55357142857144,124.55357142857143,34.86718605315477,3.4867186053154766
272.76785714285717,127.23214285714286,32.19242210235702,3.219242210235702
270.9821428571429,130.35714285714286,35.99222209061848,3.5992222090618484
270.0892857142857,132.58928571428572,24.04091431756488,2.404091431756488
266.9642857142857,135.26785714285714,41.158680612914594,4.11586806129146
266.9642857142857,135.26785714285714,0.0,0.0
262.9464285714286,134.375,41.158680612914345,4.115868061291435
261.1607142857143,133.92857142857144,18.406721542936417,1.8406721542936417
257.5892857142857,134.375,35.99222209061834,3.599222209061834
249.55357142857144,132.14285714285714,83.3997396976312,8.33997396976312
244.19642857142858,131.69642857142858,53.75711865532278,5.375711865532278
241.07142857142858,131.69642857142858,31.25,3.125
239.73214285714286,129.46428571428572,26.031035244845167,2.6031035244845167
243.30357142857144,125.44642857142858,53.7571186553228,5.3757118655322795
245.98214285714286,123.21428571428572,34.86718605315464,3.486718605315464
250.44642857142858,119.19642857142858,60.060821638721954,6.006082163872195
254.01785714285717,116.51785714285715,44.64285714285725,4.464285714285725
258.0357142857143,114.28571428571429,45.96263455797742,4.596263455797741
258.92857142857144,115.17857142857143,12.626906806902777,1.2626906806902778
260.26785714285717,117.85714285714286,29.947338984372237,2.994733898437224
266.0714285714286,118.30357142857143,58.20716433216666,5.820716433216666
271.875,119.19642857142858,58.71851088377598,5.871851088377598
273.2142857142857,120.53571428571429,18.940360210353965,1.8940360210353966
276.3392857142857,121.875,33.99898707974957,3.3998987079749567
278.125,123.21428571428572,22.321428571428555,2.2321428571428554
280.3571428571429,120.08928571428572,38.40323779929763,3.8403237799297627
279.4642857142857,119.64285714285715,9.98244632812427,0.998244632812427
279.4642857142857,119.64285714285715,0.0,0.0
281.6964285714286,111.16071428571429,87.70929778744879,8.770929778744879
281.6964285714286,111.16071428571429,0.0,0.0
276.3392857142857,110.71428571428572,53.75711865532307,5.375711865532307
269.64285714285717,115.625,83.04051445418854,8.304051445418853
265.17857142857144,120.08928571428572,63.13453403451329,6.313453403451328
261.1607142857143,124.10714285714286,56.821080631062,5.682108063106201
259.375,127.67857142857143,39.929785312496186,3.9929785312496184
257.14285714285717,131.69642857142858,45.96263455797765,4.596263455797765
253.125,136.1607142857143,60.060821638722146,6.006082163872215
251.7857142857143,140.17857142857144,42.35193294868355,4.235193294868354
248.21428571428572,145.5357142857143,64.3848442047142,6.43848442047142
241.96428571428572,149.55357142857144,74.30052221916621,7.430052221916621
234.375,154.01785714285714,88.0494773362322,8.80494773362322
227.23214285714286,155.80357142857144,73.62688617174395,7.362688617174395
222.76785714285717,158.0357142857143,49.91223164062014,4.991223164062014
218.75,158.48214285714286,40.42582650954226,4.042582650954226
212.05357142857144,156.69642857142858,69.30435132258921,6.930435132258921
207.14285714285717,155.35714285714286,50.90068862049717,5.090068862049717
203.125,154.9107142857143,40.42582650954226,4.042582650954226
198.21428571428572,154.46428571428572,49.309647398157345,4.930964739815734
194.64285714285717,154.9107142857143,35.99222209061838,3.5992222090618378
187.5,154.01785714285714,71.98444418123732,7.198444418123732
182.58928571428572,152.67857142857144,50.9006886204971,5.09006886204971
179.9107142857143,154.01785714285714,29.947338984371985,2.9947338984371985
175.44642857142858,153.57142857142858,44.865516165718326,4.486551616571832
168.75,148.21428571428572,85.75612817990434,8.575612817990434
162.94642857142858,146.42857142857144,60.72085048542595,6.072085048542595
156.25,143.75,72.12274295269442,7.2122742952694425
156.25,141.07142857142858,26.785714285714164,2.6785714285714164
154.01785714285714,134.375,70.58655491447288,7.058655491447288
152.67857142857144,130.35714285714286,42.35193294868355,4.235193294868354
151.7857142857143,127.23214285714286,32.50049057714516,3.2500490577145156
151.7857142857143,127.23214285714286,0.0,0.0
150.0,121.875,56.469243931578305,5.64692439315783
155.35714285714286,122.76785714285715,54.31037973480559,5.431037973480559
156.69642857142858,123.66071428571429,16.096211051178567,1.6096211051178568
157.58928571428572,117.41071428571429,63.134534034513166,6.313453403451317
158.48214285714286,116.51785714285715,12.626906806902577,1.2626906806902576
153.125,102.67857142857143,148.39973338030958,14.839973338030958
149.55357142857144,99.55357142857143,47.45600809256528,4.745600809256528
147.32142857142858,99.10714285714286,22.763479971396396,2.2763479971396396
143.75,100.44642857142858,38.14287386302484,3.814287386302484
140.17857142857144,102.23214285714286,39.92978531249606,3.992978531249606
135.26785714285714,103.57142857142858,50.90068862049745,5.090068862049745
134.375,105.80357142857143,24.040914317564642,2.404091431756464
130.35714285714286,106.69642857142858,41.15868061291466,4.115868061291466
128.125,108.48214285714286,28.585376059968056,2.8585376059968057
120.53571428571429,108.48214285714286,75.89285714285708,7.589285714285708
116.96428571428572,108.48214285714286,35.714285714285694,3.5714285714285694
112.5,106.25,49.9122316406204,4.99122316406204
112.94642857142858,105.35714285714286,9.982446328124079,0.9982446328124078
111.16071428571429,101.33928571428572,43.96811518658974,4.396811518658974
110.26785714285715,97.76785714285715,36.81344308587194,3.6813443085871937
106.69642857142858,93.30357142857143,57.1707521199362,5.71707521199362
110.71428571428572,97.76785714285715,60.060821638721954,6.006082163872195
117.85714285714286,102.23214285714286,84.23197439336246,8.423197439336246
123.21428571428572,104.91071428571429,59.89467796874441,5.989467796874441
123.66071428571429,107.14285714285715,22.763479971396396,2.2763479971396396
126.78571428571429,110.26785714285715,44.19417382415922,4.419417382415922
135.71428571428572,112.94642857142858,93.21702240098709,9.321702240098709
144.64285714285714,116.96428571428572,97.90942946188072,9.790942946188071
153.57142857142858,120.08928571428572,94.59651830543359,9.45965183054336
155.80357142857144,123.21428571428572,38.403237799297465,3.8403237799297463
161.60714285714286,125.44642857142858,62.18030480885758,6.218030480885758
163.83928571428572,128.57142857142858,38.403237799297465,3.8403237799297463
168.30357142857144,131.69642857142858,54.493551855954095,5.44935518559541
173.21428571428572,133.92857142857144,53.94216952497571,5.394216952497571
178.125,133.48214285714286,49.309647398157345,4.930964739815734
182.58928571428572,132.58928571428572,45.52695994279279,4.552695994279279
183.0357142857143,135.26785714285714,27.155189867402665,2.7155189867402667
185.26785714285714,133.48214285714286,28.58537605996783,2.858537605996783
186.60714285714286,134.375,16.096211051178567,1.6096211051178568
189.73214285714286,136.1607142857143,35.992222090618625,3.5992222090618626
195.08928571428572,136.60714285714286,53.75711865532278,5.375711865532278
200.44642857142858,136.1607142857143,53.75711865532278,5.375711865532278
202.23214285714286,135.71428571428572,18.406721542935934,1.8406721542935933
202.23214285714286,133.48214285714286,22.321428571428612,2.232142857142861
205.35714285714286,125.0,90.39489612194909,9.03948961219491
205.80357142857144,122.76785714285715,22.763479971396286,2.2763479971396285
207.58928571428572,119.64285714285715,35.99222209061848,3.5992222090618484
210.26785714285717,119.64285714285715,26.785714285714448,2.678571428571445
212.94642857142858,119.19642857142858,27.155189867402644,2.7155189867402645
221.875,113.39285714285715,106.48982537389779,10.648982537389779
223.6607142857143,111.60714285714286,25.253813613805455,2.5253813613805454
223.21428571428572,111.16071428571429,6.313453403451389,0.6313453403451389
228.57142857142858,108.92857142857143,58.03571428571434,5.803571428571434
233.48214285714286,108.03571428571429,49.91223164062022,4.991223164062022
239.2857142857143,107.14285714285715,58.71851088377652,5.871851088377651
243.30357142857144,106.69642857142858,40.425826509542,4.0425826509542
247.32142857142858,105.35714285714286,42.35193294868364,4.235193294868364
245.5357142857143,108.48214285714286,35.99222209061848,3.5992222090618484
250.89285714285717,106.69642857142858,56.46924393157821,5.646924393157821
254.46428571428572,105.35714285714286,38.14287386302457,3.814287386302457
258.0357142857143,104.46428571428572,36.813443085871796,3.6813443085871795
258.4821428571429,106.25,18.406721542936005,1.8406721542936004
263.39285714285717,102.67857142857143,60.720850485426006,6.072085048542601
267.4107142857143,100.44642857142858,45.962634557977346,4.596263455797734
271.875,98.21428571428572,49.9122316406204,4.99122316406204
276.7857142857143,95.98214285714286,53.94216952497571,5.394216952497571
278.5714285714286,96.875,19.96489265624854,1.996489265624854
278.125,95.98214285714286,9.982446328124206,0.9982446328124206
275.89285714285717,95.53571428571429,22.76347997139612,2.276347997139612
274.1071428571429,95.08928571428572,18.406721542935898,1.8406721542935898
272.76785714285717,97.76785714285715,29.947338984372237,2.994733898437224
266.51785714285717,99.55357142857143,65.00098115429032,6.500098115429031
260.26785714285717,100.0,62.65923592686696,6.265923592686696
256.6964285714286,102.23214285714286,42.11598719668115,4.211598719668115
252.67857142857144,103.57142857142858,42.35193294868391,4.235193294868391
250.0,101.33928571428572,34.86718605315486,3.486718605315486
248.6607142857143,96.42857142857143,50.900688620497235,5.090068862049724
248.21428571428572,92.85714285714286,35.99222209061852,3.599222209061852
247.32142857142858,87.94642857142857,49.912231640620355,4.991223164062036
245.5357142857143,84.375,39.929785312496186,3.9929785312496184
241.07142857142858,83.92857142857143,44.86551616571834,4.486551616571834
237.05357142857144,86.16071428571429,45.962634557977665,4.596263455797766
227.67857142857144,86.16071428571429,93.75,9.375
222.76785714285717,87.5,50.900688620497135,5.090068862049714
222.76785714285717,89.28571428571429,17.857142857142918,1.7857142857142918
214.2857142857143,89.73214285714286,84.93882852875204,8.493882852875204
210.26785714285717,91.51785714285715,43.96811518658974,4.396811518658974
204.01785714285717,92.85714285714286,63.918844032483705,6.391884403248371
194.19642857142858,93.30357142857143,98.31569439975566,9.831569439975565
186.1607142857143,95.08928571428572,82.31736122582929,8.231736122582928
178.57142857142858,96.42857142857143,77.06552009657182,7.706552009657182
172.76785714285714,96.42857142857143,58.03571428571445,5.803571428571445
167.85714285714286,97.76785714285715,50.90068862049717,5.090068862049717
164.73214285714286,99.10714285714286,33.99898707974957,3.3998987079749567
159.375,97.76785714285715,55.22016462880798,5.5220164628807975
154.01785714285714,94.19642857142857,64.3848442047142,6.43848442047142
158.48214285714286,91.96428571428572,49.912231640620334,4.991223164062033
163.39285714285714,91.96428571428572,49.107142857142776,4.910714285714278
168.30357142857144,91.96428571428572,49.10714285714306,4.910714285714306
173.6607142857143,87.5,69.7343721063095,6.97343721063095
179.46428571428572,83.92857142857143,68.14436393961483,6.814436393961484
185.71428571428572,83.92857142857143,62.5,6.25
187.94642857142858,85.71428571428572,28.585376059968144,2.8585376059968146
193.75,87.5,60.72085048542595,6.072085048542595
196.42857142857144,89.73214285714286,34.86718605315486,3.486718605315486
199.10714285714286,91.07142857142857,29.947338984372045,2.9947338984372047
204.46428571428572,91.51785714285715,53.7571186553228,5.3757118655322795
205.35714285714286,93.30357142857143,19.96489265624803,1.996489265624803
209.375,94.19642857142857,41.15868061291462,4.115868061291462
214.73214285714286,86.60714285714286,92.89576806555716,9.289576806555717
217.85714285714286,84.82142857142857,35.992222090618554,3.5992222090618555
224.55357142857144,86.16071428571429,68.29043991418922,6.8290439914189225
227.23214285714286,89.28571428571429,41.158680612914594,4.11586806129146
233.0357142857143,91.96428571428572,63.918844032483875,6.391884403248388
238.83928571428572,95.08928571428572,65.91438866175615,6.591438866175615
241.51785714285717,96.875,32.192422102357135,3.2192422102357137
243.30357142857144,98.66071428571429,25.253813613805253,2.5253813613805254
249.10714285714286,97.32142857142858,59.561000286278144,5.956100028627814
252.23214285714286,100.0,41.158680612914594,4.11586806129146
255.35714285714286,102.23214285714286,38.403237799297465,3.8403237799297463
258.4821428571429,103.125,32.500490577145435,3.2500490577145436
258.4821428571429,103.125,0.0,0.0
258.4821428571429,103.125,0.0,0.0
263.39285714285717,104.01785714285715,49.91223164062025,4.991223164062025
262.05357142857144,104.46428571428572,14.117310982894622,1.4117310982894622
256.25,105.80357142857143,59.56100028627842,5.9561000286278425
252.67857142857144,107.58928571428572,39.92978531249613,3.992978531249613
250.89285714285717,109.82142857142858,28.585376059968056,2.8585376059968057
245.98214285714286,111.60714285714286,52.25312460142706,5.225312460142706
237.5,113.39285714285715,86.68074928101612,8.668074928101612
235.71428571428572,115.625,28.585376059967942,2.858537605996794
231.69642857142858,117.41071428571429,43.96811518658974,4.396811518658974
224.10714285714286,117.85714285714286,76.02404627645723,7.602404627645723
215.17857142857144,118.30357142857143,89.3972517611641,8.93972517611641
210.26785714285717,118.30357142857143,49.107142857142776,4.910714285714278
205.80357142857144,118.30357142857143,44.642857142857224,4.464285714285722
200.0,114.28571428571429,70.58655491447286,7.058655491447285
191.96428571428572,112.05357142857143,83.3997396976312,8.33997396976312
186.60714285714286,110.26785714285715,56.46924393157821,5.646924393157821
179.01785714285714,104.91071428571429,92.89576806555729,9.28957680655573
170.08928571428572,101.78571428571429,94.59651830543332,9.459651830543333
164.2857142857143,100.44642857142858,59.561000286278144,5.956100028627814
160.26785714285714,100.44642857142858,40.17857142857167,4.017857142857167
152.23214285714286,99.55357142857143,80.851653019084,8.0851653019084
145.08928571428572,98.21428571428572,72.67330623258792,7.2673306232587915
138.83928571428572,97.76785714285715,62.65923592686696,6.265923592686696
134.82142857142858,96.875,41.15868061291466,4.115868061291466
136.60714285714286,94.19642857142857,32.19242210235702,3.219242210235702
141.07142857142858,94.64285714285715,44.865516165718354,4.486551616571836
146.875,93.75,58.71851088377626,5.8718510883776265
155.35714285714286,92.85714285714286,85.29005881492326,8.529005881492326
155.80357142857144,95.53571428571429,27.155189867402807,2.715518986740281
163.83928571428572,96.42857142857143,80.851653019084,8.0851653019084
174.55357142857144,97.32142857142858,107.51423731064558,10.751423731064559
182.14285714285714,98.21428571428572,76.41626235992698,7.641626235992698
187.5,99.55357142857143,55.22016462880798,5.5220164628807975
191.07142857142858,97.32142857142858,42.11598719668132,4.211598719668132
192.85714285714286,91.96428571428572,56.46924393157821,5.646924393157821
193.30357142857144,88.39285714285715,35.99222209061852,3.599222209061852
202.23214285714286,87.5,89.73103233143641,8.973103233143641
208.48214285714286,87.05357142857143,62.65923592686696,6.265923592686696
215.17857142857144,87.05357142857143,66.96428571428584,6.696428571428584
223.21428571428572,88.83928571428572,82.31736122582929,8.231736122582928
233.48214285714286,92.41071428571429,108.71246126683853,10.871246126683854
239.73214285714286,94.64285714285715,66.36637833624334,6.636637833624334
247.32142857142858,95.98214285714286,77.06552009657182,7.706552009657182
251.7857142857143,95.98214285714286,44.642857142857224,4.464285714285722
254.46428571428572,97.32142857142858,29.947338984372113,2.9947338984372114
256.6964285714286,98.21428571428572,24.040914317565036,2.4040914317565036
261.6071428571429,96.875,50.90068862049717,5.090068862049717
263.8392857142857,98.66071428571429,28.585376059967924,2.8585376059967924
268.75,96.42857142857143,53.94216952497571,5.394216952497571
273.2142857142857,94.19642857142857,49.9122316406204,4.99122316406204
275.89285714285717,92.41071428571429,32.192422102357135,3.2192422102357137
282.5892857142857,90.17857142857143,70.58655491447261,7.0586554914472615
275.0,93.30357142857143,82.0748942448672,8.20748942448672
270.5357142857143,95.08928571428572,48.0818286351296,4.808182863512959
264.2857142857143,96.875,65.00098115429032,6.500098115429031
257.14285714285717,96.875,71.4285714285711,7.14285714285711
252.23214285714286,97.76785714285715,49.912231640620526,4.991223164062053
249.55357142857144,100.0,34.86718605315455,3.486718605315455
248.6607142857143,102.23214285714286,24.040914317564773,2.4040914317564774
244.64285714285717,98.21428571428572,56.8210806310618,5.682108063106179
244.64285714285717,98.21428571428572,0.0,0.0
242.85714285714286,93.30357142857143,52.253124601427025,5.225312460142702
237.94642857142858,92.85714285714286,49.30964739815733,4.9309647398157335
230.80357142857144,95.53571428571429,76.28574772604935,7.628574772604935
225.89285714285717,97.32142857142858,52.25312460142685,5.225312460142685
216.96428571428572,100.44642857142858,94.59651830543359,9.45965183054336
209.82142857142858,102.67857142857143,74.83506524214373,7.483506524214373
206.25,104.91071428571429,42.115987196681395,4.21159871966814
202.23214285714286,107.58928571428572,48.28863315353555,4.828863315353555
192.85714285714286,109.375,95.43552824299977,9.543552824299976
184.82142857142858,108.48214285714286,80.851653019084,8.0851653019084
178.57142857142858,107.58928571428572,63.134534034513166,6.313453403451317
169.19642857142858,104.46428571428572,98.82117688026186,9.882117688026186
162.05357142857144,103.57142857142858,71.98444418123701,7.198444418123701
155.80357142857144,102.23214285714286,63.91884403248373,6.3918844032483735
150.0,101.78571428571429,58.20716433216666,5.820716433216666
145.98214285714286,102.67857142857143,41.15868061291462,4.115868061291462
141.51785714285714,104.01785714285715,46.60851120049363,4.660851120049363
134.82142857142858,103.125,67.55690156438179,6.755690156438179
127.23214285714286,98.66071428571429,88.04947733623227,8.804947733623226
119.64285714285715,91.96428571428572,101.2123575781663,10.121235757816631
116.07142857142858,87.5,57.1707521199362,5.71707521199362
114.28571428571429,84.82142857142857,32.1924221023571,3.21924221023571
111.60714285714286,87.94642857142857,41.15868061291469,4.115868061291469
112.5,93.30357142857143,54.310379734805565,5.4310379734805565
112.05357142857143,95.98214285714286,27.155189867402783,2.7155189867402783
112.5,98.21428571428572,22.763479971396396,2.2763479971396396
119.19642857142858,100.0,69.30435132258948,6.930435132258948
122.76785714285715,101.33928571428572,38.142873863024704,3.81428738630247
128.125,103.57142857142858,58.035714285714214,5.803571428571422
137.5,106.69642857142858,98.82117688026186,9.882117688026186
145.08928571428572,110.71428571428572,85.87225027531855,8.587225027531854
153.125,113.83928571428572,86.21967819566048,8.621967819566049
155.80357142857144,116.51785714285715,37.88072042070803,3.788072042070803
164.73214285714286,116.96428571428572,89.3972517611641,8.93972517611641
172.76785714285714,116.07142857142858,80.851653019084,8.0851653019084
176.7857142857143,116.07142857142858,40.17857142857167,4.017857142857167
182.58928571428572,116.07142857142858,58.035714285714164,5.803571428571416
191.07142857142858,113.83928571428572,87.70929778744872,8.770929778744872
197.76785714285717,112.94642857142858,67.55690156438206,6.755690156438206
203.125,112.5,53.757118655322515,5.375711865532251
207.14285714285717,112.94642857142858,40.4258265095423,4.0425826509542295
210.26785714285717,106.69642857142858,69.87712429686843,6.987712429686843
208.92857142857144,101.33928571428572,55.220164628808014,5.522016462880801
209.375,97.76785714285715,35.99222209061848,3.5992222090618484
207.14285714285717,93.75,45.96263455797765,4.596263455797765
205.80357142857144,89.73214285714286,42.35193294868364,4.235193294868364
202.23214285714286,89.73214285714286,35.714285714285836,3.5714285714285836
196.875,90.17857142857143,53.757118655322785,5.375711865532279
191.96428571428572,91.96428571428572,52.25312460142685,5.225312460142685
185.26785714285714,91.96428571428572,66.96428571428584,6.696428571428584
191.51785714285717,92.41071428571429,62.65923592686725,6.2659235926867245
191.96428571428572,94.19642857142857,18.406721542935866,1.8406721542935867
200.0,96.42857142857143,83.3997396976312,8.33997396976312
206.25,98.21428571428572,65.00098115429036,6.500098115429036
213.83928571428572,100.89285714285715,80.4810552558927,8.04810552558927
228.125,97.76785714285715,146.23517280499277,14.623517280499277
233.92857142857144,96.875,58.71851088377654,5.871851088377654
240.17857142857144,95.08928571428572,65.00098115429032,6.500098115429031
242.85714285714286,95.98214285714286,28.234621965788975,2.8234621965788973
250.44642857142858,94.64285714285715,77.06552009657182,7.706552009657182
252.23214285714286,91.51785714285715,35.99222209061848,3.5992222090618484
258.92857142857144,85.71428571428572,88.61354125571086,8.861354125571086
256.25,92.85714285714286,76.28574772604941,7.62857477260494
252.23214285714286,98.66071428571429,70.58655491447274,7.058655491447274
247.76785714285717,101.78571428571429,54.49355185595386,5.449355185595386
245.98214285714286,104.01785714285715,28.585376059968233,2.8585376059968235
239.2857142857143,106.25,70.58655491447257,7.058655491447257
232.58928571428572,106.69642857142858,67.11293026059347,6.711293026059347
226.33928571428572,106.69642857142858,62.5,6.25
224.10714285714286,109.375,34.86718605315464,3.486718605315464
219.19642857142858,110.71428571428572,50.90068862049717,5.090068862049717
216.96428571428572,113.39285714285715,34.86718605315475,3.486718605315475
209.375,115.17857142857143,77.96539819898658,7.7965398198986575
204.9107142857143,116.07142857142858,45.526959942792544,4.552695994279254
200.44642857142858,116.96428571428572,45.52695994279279,4.552695994279279
196.42857142857144,118.75,43.968115186589685,4.396811518658969
194.64285714285717,120.98214285714286,28.585376059968056,2.8585376059968057
191.51785714285717,119.64285714285715,33.99898707974957,3.3998987079749567
188.83928571428572,119.64285714285715,26.785714285714448,2.678571428571445
187.94642857142858,117.85714285714286,19.964892656248157,1.9964892656248157
188.39285714285714,119.64285714285715,18.406721542936005,1.8406721542936004
191.96428571428572,122.76785714285715,47.45600809256549,4.745600809256549
194.64285714285717,125.44642857142858,37.88072042070803,3.788072042070803
204.46428571428572,126.78571428571429,99.12322906774321,9.912322906774321
211.60714285714286,127.23214285714286,71.56794438339905,7.156794438339905
216.96428571428572,127.67857142857143,53.757118655322785,5.375711865532279
222.76785714285717,126.33928571428572,59.56100028627842,5.9561000286278425
230.35714285714286,125.89285714285715,76.02404627645694,7.6024046276456945
231.69642857142858,128.125,26.031035244845047,2.6031035244845047
238.39285714285717,127.23214285714286,67.55690156438206,6.755690156438206
247.32142857142858,125.0,92.03360771467982,9.203360771467981
251.33928571428572,124.10714285714286,41.15868061291462,4.115868061291462
258.92857142857144,120.53571428571429,83.87631351810693,8.387631351810693
260.26785714285717,122.76785714285715,26.031035244845167,2.6031035244845167
265.625,120.53571428571429,58.03571428571408,5.8035714285714075
273.2142857142857,122.76785714285715,79.10734440477398,7.910734440477398
275.89285714285717,124.55357142857143,32.192422102357135,3.2192422102357137
280.3571428571429,125.44642857142858,45.52695994279282,4.552695994279282
279.9107142857143,128.125,27.155189867402715,2.7155189867402716
279.01785714285717,130.80357142857144,28.234621965789152,2.823462196578915
277.2321428571429,133.48214285714286,32.1924221023569,3.21924221023569
274.1071428571429,137.05357142857144,47.45600809256549,4.745600809256549
269.64285714285717,140.17857142857144,54.493551855954095,5.44935518559541
265.17857142857144,142.85714285714286,52.06207048969019,5.206207048969019
260.26785714285717,145.98214285714286,58.20716433216644,5.820716433216644
262.9464285714286,148.21428571428572,34.86718605315486,3.486718605315486
259.375,147.76785714285714,35.992222090618945,3.5992222090618946
259.8214285714286,147.32142857142858,6.31345340345149,0.631345340345149
261.6071428571429,142.4107142857143,52.25312460142679,5.225312460142679
263.39285714285717,140.17857142857144,28.585376059968056,2.8585376059968057
265.625,134.82142857142858,58.03571428571423,5.803571428571423
267.4107142857143,133.0357142857143,25.253813613805153,2.525381361380515
268.75,130.80357142857144,26.031035244845167,2.6031035244845167
268.75,130.80357142857144,0.0,0.0
275.4464285714286,124.55357142857143,91.59948450305036,9.159948450305036
277.67857142857144,121.875,34.86718605315457,3.486718605315457
280.80357142857144,119.19642857142858,41.158680612914594,4.11586806129146
282.5892857142857,116.96428571428572,28.585376059968056,2.8585376059968057
281.25,114.28571428571429,29.947338984372237,2.994733898437224
282.5892857142857,108.92857142857143,55.220164628808014,5.522016462880801
282.5892857142857,104.46428571428572,44.64285714285708,4.464285714285708
279.01785714285717,108.48214285714286,53.75711865532261,5.375711865532261
279.01785714285717,108.48214285714286,0.0,0.0
279.01785714285717,108.48214285714286,0.0,0.0
279.01785714285717,108.48214285714286,0.0,0.0
278.125,106.25,24.04091431756488,2.404091431756488
275.89285714285717,106.69642857142858,22.763479971396144,2.2763479971396143
270.0892857142857,108.03571428571429,59.56100028627842,5.9561000286278425
264.2857142857143,109.82142857142858,60.72085048542626,6.072085048542626
259.375,111.16071428571429,50.900688620497135,5.090068862049714
254.46428571428572,113.39285714285715,53.94216952497571,5.394216952497571
246.42857142857144,112.05357142857143,81.46556960220823,8.146556960220824
239.73214285714286,109.82142857142858,70.58655491447284,7.0586554914472845
235.26785714285717,108.92857142857143,45.526959942792544,4.552695994279254
229.01785714285717,104.46428571428572,76.80647559859484,7.6806475598594846
215.625,99.55357142857143,142.64772597027218,14.264772597027218
212.5,99.10714285714286,31.567267017256583,3.1567267017256584
206.69642857142858,98.66071428571429,58.207164332166386,5.820716433216639
199.55357142857144,98.21428571428572,71.56794438339905,7.156794438339905
195.08928571428572,99.55357142857143,46.60851120049359,4.660851120049359
187.94642857142858,98.66071428571429,71.98444418123701,7.198444418123701
180.35714285714286,100.44642857142858,77.96539819898662,7.796539819898662
174.55357142857144,101.33928571428572,58.71851088377624,5.871851088377624
170.08928571428572,103.57142857142858,49.9122316406204,4.99122316406204
163.83928571428572,102.23214285714286,63.91884403248373,6.3918844032483735
157.58928571428572,100.44642857142858,65.00098115429032,6.500098115429031
155.35714285714286,100.44642857142858,22.321428571428612,2.232142857142861
148.21428571428572,98.21428571428572,74.83506524214377,7.483506524214377
142.4107142857143,98.21428571428572,58.035714285714164,5.803571428571416
132.14285714285714,98.21428571428572,102.67857142857167,10.267857142857167
126.78571428571429,99.10714285714286,54.31037973480543,5.431037973480543
123.21428571428572,100.89285714285715,39.92978531249625,3.992978531249625
114.28571428571429,102.67857142857143,91.05391988558546,9.105391988558546
117.85714285714286,104.91071428571429,42.11598719668127,4.211598719668126
121.875,105.35714285714286,40.425826509542,4.0425826509542
124.10714285714286,105.80357142857143,22.763479971396396,2.2763479971396396
126.78571428571429,106.25,27.155189867402783,2.7155189867402783
127.23214285714286,107.14285714285715,9.982446328124142,0.9982446328124143
125.89285714285715,103.57142857142858,38.142873863024654,3.8142873863024653
125.0,103.125,9.982446328124206,0.9982446328124206
123.21428571428572,101.78571428571429,22.32142857142847,2.232142857142847
120.08928571428572,99.10714285714286,41.15868061291469,4.115868061291469
119.64285714285715,99.10714285714286,4.464285714285694,0.4464285714285694
118.30357142857143,97.76785714285715,18.940360210353965,1.8940360210353966
118.30357142857143,97.76785714285715,0.0,0.0
113.83928571428572,97.32142857142858,44.8655161657182,4.48655161657182
113.83928571428572,97.32142857142858,0.0,0.0
113.83928571428572,97.32142857142858,0.0,0.0
113.83928571428572,97.32142857142858,0.0,0.0
113.83928571428572,97.32142857142858,0.0,0.0
113.83928571428572,97.32142857142858,0.0,0.0
113.83928571428572,97.32142857142858,0.0,0.0
113.83928571428572,97.32142857142858,0.0,0.0
114.28571428571429,99.55357142857143,22.763479971396258,2.276347997139626
115.17857142857143,101.33928571428572,19.964892656248157,1.9964892656248157
123.21428571428572,100.89285714285715,80.48105525589268,8.048105525589268
129.01785714285714,101.33928571428572,58.207164332166386,5.820716433216639
137.5,100.89285714285715,84.93882852875204,8.493882852875204
143.75,101.78571428571429,63.134534034513166,6.313453403451317
148.21428571428572,103.125,46.60851120049359,4.660851120049359
154.01785714285714,103.57142857142858,58.20716433216639,5.8207164332166395
161.1607142857143,103.57142857142858,71.42857142857167,7.142857142857167
168.30357142857144,103.57142857142858,71.42857142857139,7.142857142857139
172.76785714285714,104.46428571428572,45.526959942792516,4.552695994279252
179.46428571428572,104.46428571428572,66.96428571428584,6.696428571428584
184.82142857142858,104.46428571428572,53.57142857142861,5.357142857142861
191.51785714285717,103.125,68.29043991418922,6.8290439914189225
195.08928571428572,102.67857142857143,35.99222209061836,3.5992222090618364
198.6607142857143,103.57142857142858,36.81344308587211,3.681344308587211
204.01785714285717,103.57142857142858,53.57142857142861,5.357142857142861
212.05357142857144,103.57142857142858,80.35714285714278,8.035714285714278
219.19642857142858,102.23214285714286,72.67330623258795,7.267330623258795
219.64285714285717,103.57142857142858,14.117310982894667,1.4117310982894666
225.89285714285717,101.78571428571429,65.00098115429036,6.500098115429036
230.35714285714286,99.55357142857143,49.91223164062014,4.991223164062014
234.375,98.66071428571429,41.15868061291462,4.115868061291462
238.39285714285717,98.66071428571429,40.17857142857167,4.017857142857167
240.625,100.44642857142858,28.585376059967924,2.8585376059967924
243.30357142857144,102.23214285714286,32.192422102357135,3.2192422102357137
250.44642857142858,102.23214285714286,71.42857142857139,7.142857142857139
255.35714285714286,102.67857142857143,49.30964739815733,4.9309647398157335
261.1607142857143,102.23214285714286,58.207164332166386,5.820716433216639
264.7321428571429,102.23214285714286,35.71428571428612,3.571428571428612
267.4107142857143,102.67857142857143,27.155189867402363,2.7155189867402365
270.0892857142857,103.125,27.155189867402925,2.7155189867402925
272.76785714285717,101.33928571428572,32.192422102357135,3.2192422102357137
274.1071428571429,101.33928571428572,13.392857142857224,1.3392857142857224
277.2321428571429,99.55357142857143,35.992222090618554,3.5992222090618555
279.4642857142857,99.55357142857143,22.321428571428328,2.232142857142833
