"X, Y, Velocity, Distance"
153.94736842105263,142.5438596491228,0.0001,0.0001
162.28070175438594,132.89473684210526,127.49510398025097,12.749510398025098
161.8421052631579,132.89473684210526,4.385964912280542,0.4385964912280542
164.91228070175438,121.05263157894736,122.33619018404706,12.233619018404706
162.71929824561403,109.64912280701753,116.12458153398003,11.612458153398004
161.8421052631579,107.01754385964912,27.739277720775146,2.7739277720775144
162.28070175438594,99.56140350877192,74.69029107862468,7.469029107862468
165.35087719298244,96.05263157894737,46.623446547081706,4.66234465470817
182.89473684210526,92.54385964912281,178.91296538922066,17.891296538922067
191.22807017543857,94.29824561403508,85.16003438134892,8.516003438134891
202.19298245614033,103.07017543859648,140.41939117177296,14.041939117177296
213.59649122807016,117.98245614035088,187.7274961318659,18.77274961318659
222.80701754385964,131.57894736842104,164.2249581302548,16.42249581302548
228.94736842105263,139.03508771929825,96.59085765590031,9.659085765590032
233.33333333333331,145.6140350877193,79.06910691806975,7.906910691806975
244.29824561403507,147.80701754385964,111.82060336826282,11.182060336826282
247.36842105263156,148.2456140350877,31.01345531519945,3.101345531519945
248.68421052631578,150.43859649122805,25.574350415988253,2.557435041598825
243.42105263157893,158.33333333333331,94.88292830168395,9.488292830168394
230.26315789473682,161.4035087719298,135.11334912938042,13.511334912938043
218.859649122807,159.21052631578945,116.1245815339799,11.612458153397991
211.4035087719298,158.33333333333331,75.0756261781742,7.50756261781742
195.1754385964912,158.7719298245614,162.33996073089259,16.23399607308926
186.8421052631579,159.21052631578945,83.44867364228247,8.344867364228246
178.0701754385965,158.7719298245614,87.82887892324898,8.782887892324897
163.59649122807016,155.26315789473682,148.92918286271635,14.892918286271634
156.140350877193,143.42105263157893,139.93908889073512,13.993908889073513
160.52631578947367,135.96491228070175,86.50474966366653,8.650474966366653
165.78947368421052,132.45614035087718,63.25528553445609,6.32552855344561
175.87719298245614,121.49122807017544,148.99375220581595,14.899375220581595
177.6315789473684,112.28070175438596,93.76122072996473,9.376122072996473
180.7017543859649,108.33333333333333,50.007694083295526,5.000769408329552
196.05263157894737,102.63157894736841,163.75574300521475,16.375574300521475
207.45614035087718,107.01754385964912,122.17884453670268,12.217884453670269
218.42105263157893,120.61403508771929,174.66936624333215,17.466936624333215
223.2456140350877,130.7017543859649,111.82060336826282,11.182060336826282
226.75438596491227,138.59649122807016,86.39348948943955,8.639348948943955
228.50877192982455,144.73684210526315,63.860613063864214,6.386061306386422
239.4736842105263,152.19298245614036,132.5983899809735,13.25983899809735
244.29824561403507,150.43859649122805,51.33640311719137,5.1336403117191365
252.19298245614033,147.36842105263156,84.70705226240334,8.470705226240334
248.2456140350877,146.05263157894737,41.60891658116281,4.160891658116281
236.8421052631579,149.56140350877192,119.3111448134686,11.93111448134686
225.87719298245614,152.6315789473684,113.86627180479972,11.386627180479973
211.8421052631579,156.57894736842104,145.7962292859181,14.579622928591808
202.6315789473684,158.33333333333331,93.76122072996473,9.376122072996473
192.5438596491228,159.21052631578945,101.25786298785262,10.125786298785261
189.03508771929825,160.08771929824562,36.16759320717239,3.6167593207172386
185.52631578947367,162.71929824561403,43.85964912280707,4.385964912280707
167.98245614035088,157.45614035087718,183.1632720861499,18.31632720861499
163.1578947368421,153.94736842105263,59.65557240673428,5.965557240673428
164.91228070175438,137.71929824561403,163.22626373621407,16.322626373621407
166.22807017543857,133.7719298245614,41.60891658116281,4.160891658116281
176.75438596491227,126.75438596491227,126.51057106891203,12.651057106891203
178.50877192982455,114.47368421052632,124.05382126079773,12.405382126079774
176.3157894736842,110.52631578947368,45.15627254818861,4.515627254818861
174.56140350877192,103.94736842105263,68.08848550991239,6.808848550991239
176.3157894736842,100.43859649122807,39.229262763154175,3.9229262763154176
191.66666666666666,100.43859649122807,153.50877192982466,15.350877192982466
200.87719298245614,101.3157894736842,92.52203118302192,9.252203118302193
215.35087719298244,114.47368421052632,195.606167727875,19.5606167727875
220.6140350877193,122.36842105263158,94.88292830168395,9.488292830168394
223.2456140350877,125.43859649122807,40.436598496898576,4.043659849689858
220.1754385964912,128.50877192982455,43.418837441279166,4.341883744127917
210.96491228070175,131.57894736842104,97.08747202271319,9.708747202271319
201.75438596491227,136.8421052631579,106.08233879340206,10.608233879340206
189.4736842105263,141.66666666666666,131.94393821483624,13.194393821483624
179.82456140350877,145.17543859649123,102.67280623438263,10.267280623438264
171.49122807017542,149.56140350877192,94.17066032273635,9.417066032273635
157.45614035087718,149.12280701754386,140.41939117177301,14.041939117177302
146.49122807017542,139.03508771929825,148.99375220581607,14.899375220581607
146.49122807017542,139.03508771929825,0.0,0.0
147.36842105263156,117.98245614035088,210.70898507832132,21.070898507832133
150.43859649122805,110.96491228070175,76.59758419549554,7.659758419549554
166.22807017543857,97.80701754385964,205.53288620806984,20.553288620806985
167.10526315789474,93.85964912280701,40.43659849689867,4.043659849689867
177.19298245614033,90.35087719298245,106.80522510426222,10.680522510426222
191.22807017543857,98.24561403508771,161.03122588320895,16.103122588320893
200.87719298245614,107.89473684210526,136.45920338687776,13.645920338687777
213.15789473684208,123.68421052631578,200.03077633318193,20.003077633318192
214.03508771929825,127.63157894736841,40.43659849689867,4.043659849689867
217.5438596491228,133.33333333333331,66.94884878277945,6.694884878277945
222.36842105263156,139.03508771929825,74.6902910786247,7.46902910786247
230.7017543859649,147.36842105263156,117.85113019775785,11.785113019775785
236.8421052631579,151.75438596491227,75.45899357054945,7.545899357054945
240.35087719298244,154.82456140350877,46.623446547081706,4.66234465470817
241.22807017543857,154.38596491228068,9.807315690788576,0.9807315690788576
240.78947368421052,157.45614035087718,31.01345531519945,3.101345531519945
232.89473684210526,157.89473684210526,79.06910691806992,7.906910691806992
222.80701754385964,157.89473684210526,100.87719298245617,10.087719298245617
214.4736842105263,156.57894736842104,84.36571956873408,8.436571956873408
199.12280701754383,156.57894736842104,153.50877192982466,15.350877192982466
188.15789473684208,153.50877192982455,113.86627180479972,11.386627180479973
178.50877192982455,144.29824561403507,133.3939151381188,13.339391513811881
168.42105263157893,129.38596491228068,180.0383837874894,18.00383837874894
167.5438596491228,125.43859649122807,40.43659849689847,4.043659849689847
153.94736842105263,118.85964912280701,151.04539787475923,15.104539787475924
150.87719298245614,119.29824561403508,31.01345531519947,3.101345531519947
142.10526315789474,126.3157894736842,112.33551293741836,11.233551293741836
137.71929824561403,131.140350877193,65.20205590929183,6.520205590929183
131.57894736842104,144.29824561403507,145.20127506356866,14.520127506356866
126.3157894736842,151.3157894736842,87.719298245614,8.7719298245614
120.17543859649122,157.01754385964912,83.79374199360893,8.379374199360893
120.17543859649122,157.01754385964912,0.0,0.0
127.63157894736841,153.0701754385965,84.36571956873395,8.436571956873395
147.80701754385964,148.2456140350877,207.4426945681662,20.744269456816617
154.38596491228068,147.80701754385964,65.93551043145999,6.5935510431459985
164.4736842105263,149.56140350877192,102.3913818414803,10.239138184148029
178.0701754385965,152.6315789473684,139.38814545676072,13.938814545676072
186.4035087719298,156.140350877193,90.41898301793103,9.041898301793102
193.859649122807,161.4035087719298,91.26601774861757,9.126601774861758
198.2456140350877,161.8421052631579,44.07840184702129,4.407840184702129
202.19298245614033,164.03508771929825,45.15627254818861,4.515627254818861
216.66666666666666,160.52631578947367,148.92918286271635,14.892918286271634
214.4736842105263,157.01754385964912,41.377110228318344,4.137711022831835
210.96491228070175,157.45614035087718,35.360779597800494,3.5360779597800494
197.80701754385964,159.21052631578945,132.74338553001368,13.274338553001368
188.59649122807016,160.96491228070175,93.76122072996479,9.376122072996479
171.9298245614035,159.21052631578945,167.58748398721747,16.758748398721746
165.78947368421052,157.01754385964912,65.20205590929166,6.520205590929166
153.94736842105263,146.05263157894737,161.38920607872012,16.138920607872013
152.6315789473684,128.94736842105263,171.5579580316487,17.15579580316487
155.7017543859649,121.9298245614035,76.59758419549554,7.659758419549554
161.8421052631579,112.71929824561403,110.69674968529799,11.0696749685298
166.22807017543857,106.57894736842104,75.45899357054928,7.545899357054928
160.52631578947367,96.05263157894737,119.7135444206681,11.97135444206681
158.33333333333331,94.29824561403508,28.08387823435469,2.808387823435469
149.56140350877192,97.36842105263158,92.93693026498718,9.293693026498719
140.35087719298244,105.26315789473684,121.3097954906959,12.13097954906959
131.57894736842104,113.59649122807016,120.99223003626064,12.099223003626063
117.10526315789473,127.63157894736841,201.61131464142463,20.161131464142464
115.35087719298245,132.89473684210526,55.47855544155056,5.547855544155056
117.98245614035088,135.52631578947367,37.216146378239294,3.7216146378239294
130.7017543859649,141.22807017543857,139.38814545676044,13.938814545676044
142.5438596491228,143.859649122807,121.30979549069588,12.130979549069588
154.82456140350877,147.80701754385964,128.9950979811645,12.89950979811645
165.78947368421052,151.75438596491227,116.5379846981265,11.65379846981265
177.19298245614033,149.12280701754386,117.0321409133887,11.70321409133887
181.140350877193,148.68421052631578,39.71660148305913,3.971660148305913
176.3157894736842,142.5438596491228,78.0898851524776,7.80898851524776
171.05263157894737,139.91228070175438,58.843894144731074,5.884389414473107
152.6315789473684,144.73684210526315,190.42362584291598,19.0423625842916
149.12280701754386,147.80701754385964,46.623446547081706,4.66234465470817
138.59649122807016,152.19298245614036,114.03508771929842,11.403508771929841
132.89473684210526,156.140350877193,69.34819430193807,6.934819430193807
132.89473684210526,156.140350877193,0.0,0.0
130.7017543859649,125.87719298245614,303.42509748119267,30.342509748119266
133.33333333333331,117.5438596491228,87.38973177706706,8.738973177706706
137.28070175438594,108.7719298245614,96.19172017307585,9.619172017307585
146.05263157894737,98.24561403508771,137.0219241387134,13.70219241387134
149.12280701754386,95.17543859649122,43.418837441279265,4.3418837441279265
164.4736842105263,98.24561403508771,156.54884471556778,15.654884471556779
182.89473684210526,110.96491228070175,223.85614307324303,22.385614307324303
192.98245614035088,123.68421052631578,162.33996073089247,16.233996073089248
200.0,136.4035087719298,145.26750141823848,14.526750141823848
196.49122807017542,134.64912280701753,39.2292627631543,3.9229262763154304
189.03508771929825,132.89473684210526,76.59758419549536,7.659758419549536
181.140350877193,131.57894736842104,80.0363490828713,8.003634908287129
168.859649122807,133.33333333333331,124.05382126079787,12.405382126079788
155.7017543859649,136.8421052631579,136.17697101982483,13.617697101982483
144.29824561403507,138.59649122807016,115.3767231400519,11.537672314005189
136.4035087719298,139.4736842105263,79.43320296611766,7.943320296611766
126.75438596491227,140.35087719298244,96.88913172971272,9.688913172971272
117.10526315789473,150.43859649122805,139.59500405999609,13.95950040599961
134.64912280701753,159.64912280701753,198.14661400134244,19.814661400134245
137.71929824561403,162.71929824561403,43.418837441279265,4.3418837441279265
149.12280701754386,159.21052631578945,119.31114481346894,11.931114481346894
150.43859649122805,151.3157894736842,80.03634908287125,8.003634908287125
150.43859649122805,147.80701754385964,35.087719298245474,3.5087719298245474
147.80701754385964,146.05263157894737,31.62764276722785,3.1627642767227853
134.64912280701753,152.19298245614036,145.2012750635689,14.52012750635689
130.7017543859649,155.7017543859649,52.814011310492425,5.281401131049242
123.24561403508771,158.7719298245614,80.63498381951858,8.063498381951858
120.17543859649122,160.08771929824562,33.40251362221018,3.340251362221018
117.5438596491228,154.82456140350877,58.843894144731394,5.884389414473139
111.84210526315789,145.6140350877193,108.32534241428482,10.832534241428482
117.98245614035088,134.64912280701753,125.67148054293337,12.567148054293337
119.29824561403508,130.26315789473682,45.79081802153759,4.579081802153759
133.33333333333331,118.85964912280701,180.83796603586208,18.083796603586208
133.33333333333331,118.85964912280701,0.0,0.0
133.7719298245614,108.7719298245614,100.97249502825738,10.097249502825738
127.19298245614034,92.10526315789473,179.18156329662722,17.91815632966272
121.49122807017544,89.03508771929825,64.75799587821653,6.475799587821653
117.5438596491228,92.10526315789473,50.007694083295554,5.000769408329555
111.40350877192982,104.3859649122807,137.30241967103976,13.730241967103975
119.73684210526315,114.03508771929823,127.49510398025106,12.749510398025105
125.0,119.29824561403508,74.43229275647879,7.443229275647878
130.26315789473682,124.56140350877192,74.43229275647849,7.443229275647849
146.05263157894737,134.21052631578948,185.04406236604405,18.504406236604403
156.140350877193,140.35087719298244,118.09571945470394,11.809571945470394
165.35087719298244,144.73684210526315,102.01494166327183,10.201494166327183
177.6315789473684,150.87719298245614,137.30241967103981,13.730241967103982
184.21052631578945,155.26315789473682,79.06910691806975,7.906910691806975
195.1754385964912,158.33333333333331,113.86627180479972,11.386627180479973
210.96491228070175,157.45614035087718,158.13821383614012,15.813821383614012
212.28070175438594,156.140350877193,18.6080731891194,1.8608073189119398
224.12280701754383,160.52631578947367,126.28228113059612,12.628228113059611
217.98245614035088,164.91228070175438,75.45899357054923,7.545899357054923
211.4035087719298,166.22807017543857,67.09236202095782,6.7092362020957825
203.50877192982455,164.4736842105263,80.87319699379721,8.087319699379721
192.5438596491228,162.28070175438594,111.82060336826282,11.182060336826282
179.38596491228068,157.89473684210526,138.69638860387627,13.869638860387628
171.05263157894737,153.50877192982455,94.17066032273623,9.417066032273622
159.64912280701753,143.42105263157893,152.25048208517364,15.225048208517364
148.2456140350877,133.33333333333331,152.25048208517364,15.225048208517364
144.73684210526315,133.33333333333331,35.087719298245474,3.5087719298245474
141.22807017543857,132.45614035087718,36.167593207172594,3.6167593207172595
126.3157894736842,141.66666666666666,175.27404563761468,17.52740456376147
118.42105263157895,146.49122807017542,92.52203118302182,9.252203118302182
116.22807017543859,148.68421052631578,31.01345531519953,3.1013455315199527
114.91228070175438,155.7017543859649,71.39833594780572,7.139833594780572
116.22807017543859,158.7719298245614,33.40251362221012,3.340251362221012
125.43859649122807,161.4035087719298,95.79091959579632,9.579091959579632
126.75438596491227,155.26315789473682,62.797460803843684,6.279746080384369
121.05263157894736,148.68421052631578,87.05891772490875,8.705891772490876
117.10526315789473,145.17543859649123,52.814011310492425,5.281401131049242
107.45614035087719,135.96491228070175,133.3939151381188,13.339391513811881
112.28070175438596,127.19298245614034,100.111510618538,10.0111510618538
117.98245614035088,117.98245614035088,108.32534241428478,10.832534241428478
123.68421052631578,118.42105263157895,57.18598601054946,5.718598601054946
130.7017543859649,120.17543859649122,72.33518641434492,7.233518641434491
139.91228070175438,125.87719298245614,108.3253424142849,10.83253424142849
141.66666666666666,117.98245614035088,80.87319699379721,8.087319699379721
141.66666666666666,114.03508771929823,39.47368421052644,3.9473684210526443
140.78947368421052,108.33333333333333,57.68836157002581,5.768836157002581
132.01754385964912,102.63157894736841,104.62158282347859,10.46215828234786
125.43859649122807,100.87719298245614,68.08848550991239,6.808848550991239
116.66666666666666,110.52631578947368,130.40411181858346,13.040411181858346
125.43859649122807,122.36842105263158,147.37103172290742,14.737103172290741
126.75438596491227,128.0701754385965,58.516070456694486,5.851607045669448
142.98245614035088,142.10526315789474,214.55394401114057,21.455394401114056
157.89473684210526,142.5438596491228,149.1872925587276,14.918729255872758
167.10526315789474,144.73684210526315,94.67996993387246,9.467996993387246
178.94736842105263,153.50877192982455,147.3710317229073,14.73710317229073
169.73684210526315,157.45614035087718,100.20754086663041,10.020754086663041
168.42105263157893,157.01754385964912,13.869638860387663,1.3869638860387663
155.7017543859649,157.89473684210526,127.49510398025109,12.749510398025109
142.5438596491228,160.08771929824562,133.3939151381189,13.33939151381189
137.71929824561403,160.52631578947367,48.444565864856344,4.844456586485634
124.56140350877192,149.12280701754386,174.11783544981753,17.411783544981752
124.12280701754385,143.42105263157893,57.18598601054975,5.718598601054975
120.17543859649122,130.7017543859649,133.1774250060436,13.317742500604359
119.29824561403508,124.12280701754385,66.37169276500684,6.637169276500684
112.28070175438596,113.59649122807016,126.51057106891191,12.65105710689119
110.52631578947368,114.03508771929823,18.08379660358616,1.8083796603586157
100.43859649122807,118.42105263157895,109.99944038582859,10.999944038582859
102.63157894736841,120.61403508771929,31.01345531519933,3.101345531519933
100.0,117.5438596491228,40.436598496898576,4.043659849689858
101.3157894736842,119.29824561403508,21.929824561403535,2.1929824561403537
93.85964912280701,100.43859649122807,202.80049160871735,20.280049160871734
94.73684210526315,97.80701754385964,27.73927772077528,2.773927772077528
93.85964912280701,93.42105263157895,44.728241347305094,4.4728241347305095
95.61403508771929,89.91228070175438,39.229262763154175,3.9229262763154176
98.68421052631578,92.10526315789473,37.72949678527464,3.772949678527464
97.36842105263158,88.59649122807016,37.473700637357574,3.747370063735757
100.87719298245614,92.10526315789473,49.62152850431913,4.962152850431913
114.47368421052632,105.26315789473684,189.2074965800263,18.920749658002627
119.29824561403508,112.28070175438596,85.16003438134909,8.51600343813491
131.57894736842104,121.49122807017544,153.50877192982455,15.350877192982455
132.45614035087718,120.61403508771929,12.405382126079832,1.2405382126079831
130.26315789473682,112.28070175438596,86.17053817714252,8.617053817714252
125.0,109.21052631578947,60.931771883551605,6.093177188355161
121.05263157894736,105.7017543859649,52.814011310492624,5.281401131049263
116.66666666666666,108.33333333333333,51.148700831976306,5.114870083197631
115.78947368421052,92.98245614035088,153.75919423647457,15.375919423647456
121.49122807017544,90.78947368421052,61.08942226835147,6.108942226835147
139.4736842105263,95.17543859649122,185.09603373692258,18.509603373692258
153.94736842105263,94.29824561403508,145.00241451593467,14.500241451593467
151.75438596491227,89.47368421052632,52.99581567366038,5.2995815673660385
147.80701754385964,91.22807017543859,43.196744744719716,4.319674474471972
143.859649122807,92.54385964912281,41.6089165811629,4.16089165811629
131.57894736842104,100.43859649122807,145.99400857099337,14.599400857099337
122.80701754385964,102.63157894736841,90.41898301793107,9.041898301793108
114.47368421052632,104.82456140350877,86.17053817714252,8.617053817714252
118.85964912280701,117.10526315789473,130.40411181858332,13.040411181858332
120.17543859649122,132.01754385964912,149.70217689364935,14.970217689364935
117.98245614035088,135.96491228070175,45.15627254818854,4.515627254818854
113.1578947368421,138.59649122807016,54.955982833954714,5.495598283395472
116.22807017543859,143.42105263157893,57.18598601054952,5.718598601054952
124.56140350877192,145.17543859649123,85.16003438134912,8.516003438134913
137.28070175438594,145.6140350877193,127.2685800749728,12.726858007497281
150.0,144.29824561403507,127.87175207994102,12.787175207994101
166.66666666666666,146.9298245614035,168.73143913746787,16.873143913746787
182.01754385964912,155.26315789473682,174.66936624333226,17.466936624333226
186.8421052631579,160.52631578947367,71.39833594780575,7.139833594780574
187.28070175438594,162.71929824561403,22.364120673652586,2.2364120673652588
178.0701754385965,163.59649122807016,92.52203118302164,9.252203118302164
170.1754385964912,161.4035087719298,81.9365863696029,8.19365863696029
158.33333333333331,158.33333333333331,122.33619018404691,12.233619018404692
141.22807017543857,156.140350877193,172.45266009945175,17.245266009945176
130.26315789473682,157.01754385964912,109.9994403858285,10.99994403858285
127.63157894736841,159.64912280701753,37.216146378239195,3.7216146378239197
120.61403508771929,160.08771929824562,70.31236641176054,7.031236641176053
110.0877192982456,150.0,145.79622928591812,14.579622928591812
110.0877192982456,150.0,0.0,0.0
109.21052631578947,135.08771929824562,149.3805821572491,14.938058215724912
114.47368421052632,122.36842105263158,137.65223531995812,13.765223531995812
121.49122807017544,103.94736842105263,197.12460573898449,19.712460573898447
122.80701754385964,100.43859649122807,37.473700637357574,3.747370063735757
129.38596491228068,95.17543859649122,84.25163470306376,8.425163470306376
122.36842105263158,87.71929824561403,102.39138184148018,10.239138184148018
109.64912280701753,92.54385964912281,136.0356352567617,13.60356352567617
114.47368421052632,101.3157894736842,100.11151061853795,10.011151061853795
125.87719298245614,116.66666666666666,191.23008207536523,19.12300820753652
133.33333333333331,125.87719298245614,118.50224636935343,11.850224636935343
146.49122807017542,132.89473684210526,149.1228070175439,14.912280701754389
161.8421052631579,134.64912280701753,154.5080259106013,15.45080259106013
182.89473684210526,145.17543859649123,235.37557657892532,23.53755765789253
184.21052631578945,150.0,50.007694083295426,5.000769408329543
192.98245614035088,157.01754385964912,112.33551293741857,11.233551293741858
185.52631578947367,160.52631578947367,82.40479924585942,8.240479924585943
173.2456140350877,160.52631578947367,122.80701754385973,12.280701754385973
164.03508771929825,159.64912280701753,92.52203118302164,9.252203118302164
153.94736842105263,158.33333333333331,101.73169741002812,10.173169741002813
139.03508771929825,153.0701754385965,158.13821383613978,15.813821383613979
135.08771929824562,152.19298245614036,40.436598496898604,4.043659849689861
129.82456140350877,145.6140350877193,84.25163470306397,8.425163470306398
124.56140350877192,138.59649122807016,87.71929824561408,8.771929824561408
121.9298245614035,130.7017543859649,83.2178331623257,8.32178331623257
119.73684210526315,121.49122807017544,94.67996993387231,9.467996993387231
122.36842105263158,106.57894736842104,151.42698685642176,15.142698685642177
125.87719298245614,103.07017543859648,49.62152850431913,4.962152850431913
133.33333333333331,101.3157894736842,76.59758419549536,7.659758419549536
135.08771929824562,93.85964912280701,76.59758419549557,7.659758419549557
130.26315789473682,90.35087719298245,59.65557240673459,5.965557240673459
125.0,89.47368421052632,53.357566055247325,5.3357566055247325
119.73684210526315,89.91228070175438,52.814011310492596,5.281401131049259
113.1578947368421,88.1578947368421,68.08848550991242,6.808848550991241
114.91228070175438,85.96491228070175,28.083878234354575,2.8083878234354573
128.0701754385965,93.42105263157895,151.23631271549712,15.123631271549712
133.33333333333331,99.12280701754385,77.59564040769337,7.7595640407693365
148.2456140350877,113.1578947368421,204.78276368296054,20.478276368296054
160.08771929824562,124.56140350877192,164.40056854378358,16.44005685437836
172.80701754385964,134.21052631578948,159.65153265966055,15.965153265966055
183.33333333333331,141.22807017543857,126.51057106891163,12.651057106891162
190.78947368421052,146.05263157894737,88.80902075138877,8.880902075138877
201.75438596491227,151.3157894736842,121.62653178826348,12.162653178826348
206.57894736842104,149.56140350877192,51.33640311719127,5.133640311719127
207.45614035087718,143.42105263157893,62.02691063039894,6.202691063039894
203.0701754385965,142.10526315789474,45.79081802153728,4.579081802153728
187.71929824561403,143.42105263157893,154.07164973903775,15.407164973903775
178.50877192982455,145.17543859649123,93.76122072996479,9.376122072996479
165.78947368421052,145.6140350877193,127.2685800749728,12.726858007497281
157.89473684210526,144.29824561403507,80.0363490828713,8.003634908287129
154.82456140350877,130.7017543859649,139.38814545676044,13.938814545676044
165.78947368421052,117.10526315789473,174.66936624333226,17.466936624333226
167.98245614035088,111.40350877192982,61.08942226835134,6.1089422268351345
160.08771929824562,100.87719298245614,131.57894736842104,13.157894736842104
157.01754385964912,102.19298245614034,33.40251362221012,3.340251362221012
149.56140350877192,104.3859649122807,77.71949625732185,7.771949625732185
140.78947368421052,109.21052631578947,100.11151061853788,10.011151061853788
126.3157894736842,118.85964912280701,173.9520352197539,17.39520352197539
120.61403508771929,124.56140350877192,80.63498381951855,8.063498381951856
115.35087719298245,127.63157894736841,60.931771883551725,6.093177188355172
120.61403508771929,140.78947368421052,141.71486334564486,14.171486334564486
120.61403508771929,144.73684210526315,39.4736842105263,3.94736842105263
122.80701754385964,149.56140350877192,52.99581567366038,5.2995815673660385
128.50877192982455,156.57894736842104,90.41898301793111,9.041898301793111
129.38596491228068,157.45614035087718,12.405382126079733,1.2405382126079734
126.75438596491227,159.21052631578945,31.62764276722785,3.1627642767227853
125.0,161.8421052631579,31.62764276722809,3.162764276722809
122.36842105263158,159.21052631578945,37.21614637823949,3.7216146378239494
123.68421052631578,155.7017543859649,37.473700637357446,3.7473700637357448
131.140350877193,152.6315789473684,80.63498381951871,8.06349838195187
150.0,151.3157894736842,189.05493037063422,18.905493037063422
165.78947368421052,151.3157894736842,157.8947368421052,15.78947368421052
176.75438596491227,150.87719298245614,109.73680704558598,10.973680704558598
191.22807017543857,153.0701754385965,146.38876551121598,14.638876551121598
209.21052631578945,160.52631578947367,194.66965808045737,19.466965808045735
209.21052631578945,161.4035087719298,8.771929824561369,0.8771929824561369
202.6315789473684,163.1578947368421,68.08848550991233,6.808848550991233
191.22807017543857,163.1578947368421,114.03508771929836,11.403508771929836
185.08771929824562,162.71929824561403,61.5599510860445,6.15599510860445
174.56140350877192,161.8421052631579,105.62802262098519,10.562802262098518
167.98245614035088,162.28070175438594,65.93551043145999,6.5935510431459985
160.08771929824562,161.8421052631579,79.0691069180699,7.90691069180699
149.12280701754386,161.4035087719298,109.73680704558599,10.9736807045586
139.91228070175438,163.1578947368421,93.76122072996479,9.376122072996479
133.7719298245614,160.96491228070175,65.20205590929174,6.520205590929175
125.0,162.71929824561403,89.45648269461019,8.945648269461019
128.0701754385965,146.9298245614035,160.85193702537055,16.085193702537055
136.4035087719298,128.50877192982455,202.18299248449318,20.21829924844932
136.4035087719298,125.43859649122807,30.70175438596479,3.070175438596479
136.4035087719298,125.43859649122807,0.0,0.0
141.22807017543857,104.82456140350877,211.71084887977494,21.171084887977493
142.10526315789474,100.87719298245614,40.43659849689867,4.043659849689867
138.59649122807016,93.85964912280701,78.45852552630848,7.845852552630848
145.17543859649123,92.10526315789473,68.08848550991256,6.8088485509912555
163.59649122807016,93.42105263157895,184.67985325813405,18.467985325813405
164.03508771929825,89.91228070175438,35.36077959780067,3.536077959780067
162.28070175438594,86.84210526315789,35.36077959780078,3.5360779597800778
153.94736842105263,92.54385964912281,100.97249502825723,10.097249502825722
142.98245614035088,103.07017543859648,151.99757413301268,15.199757413301267
132.45614035087718,117.98245614035088,182.53203549723537,18.253203549723537
130.26315789473682,129.82456140350877,120.43447559426295,12.043447559426294
129.82456140350877,135.96491228070175,61.55995108604476,6.155995108604476
123.68421052631578,144.73684210526315,107.07504926082191,10.70750492608219
116.22807017543859,150.87719298245614,96.5908576559002,9.659085765590019
119.29824561403508,150.87719298245614,30.701754385964932,3.0701754385964932
130.7017543859649,148.68421052631578,116.12458153398003,11.612458153398004
152.19298245614036,142.10526315789474,224.75663114594673,22.475663114594674
156.140350877193,137.28070175438594,62.33627369978919,6.233627369978919
162.28070175438594,131.140350877193,86.83767488255812,8.683767488255812
174.12280701754386,119.73684210526315,164.4005685437837,16.44005685437837
177.6315789473684,118.85964912280701,36.16759320717232,3.6167593207172315
183.33333333333331,117.10526315789473,59.65557240673434,5.9655572406734345
193.42105263157893,115.78947368421052,101.7316974100281,10.17316974100281
202.6315789473684,109.21052631578947,113.1884903558241,11.31884903558241
219.29824561403507,114.47368421052632,174.7794635541339,17.47794635541339
228.07017543859646,123.68421052631578,127.19298245614024,12.719298245614024
231.57894736842104,130.7017543859649,78.45852552630848,7.845852552630848
242.98245614035088,142.5438596491228,164.4005685437835,16.440056854378348
249.56140350877192,149.12280701754386,93.0403659455984,9.30403659455984
252.19298245614033,151.3157894736842,34.25548103467808,3.4255481034678077
250.87719298245614,155.26315789473682,41.60891658116281,4.160891658116281
245.6140350877193,158.7719298245614,63.25528553445609,6.32552855344561
232.45614035087718,161.4035087719298,134.18472404191542,13.418472404191542
222.80701754385964,161.4035087719298,96.49122807017534,9.649122807017534
213.59649122807016,162.28070175438594,92.52203118302192,9.252203118302193
194.29824561403507,159.21052631578945,195.40938078899538,19.540938078899536
185.08771929824562,154.82456140350877,102.01494166327171,10.201494166327171
178.0701754385965,153.94736842105263,70.72155919560132,7.072155919560132
174.12280701754386,153.0701754385965,40.436598496898604,4.043659849689861
160.08771929824562,152.6315789473684,140.41939117177301,14.041939117177302
158.33333333333331,152.19298245614036,18.0837966035864,1.80837966035864
170.6140350877193,141.22807017543857,164.6344243782762,16.46344243782762
179.82456140350877,130.26315789473682,143.20024313433782,14.320024313433782
182.89473684210526,123.24561403508771,76.59758419549541,7.659758419549542
191.22807017543857,110.96491228070175,148.41161680428607,14.841161680428607
196.05263157894737,103.94736842105263,85.16003438134925,8.516003438134925
201.75438596491227,95.61403508771929,100.97249502825738,10.097249502825738
206.14035087719296,93.85964912280701,47.238287781881425,4.7238287781881425
211.8421052631579,95.17543859649122,58.51607045669463,5.851607045669462
221.9298245614035,105.26315789473684,142.66189444991753,14.266189444991753
231.14035087719296,117.5438596491228,153.50877192982438,15.350877192982438
232.01754385964912,123.68421052631578,62.02691063039898,6.202691063039898
246.05263157894734,142.10526315789474,231.58559267445756,23.158559267445757
249.56140350877192,154.82456140350877,131.94393821483612,13.194393821483612
251.3157894736842,160.08771929824562,55.47855544155056,5.547855544155056
255.26315789473682,162.28070175438594,45.156272548188475,4.515627254818847
257.89473684210526,157.89473684210526,51.148700831976264,5.114870083197626
253.94736842105263,155.26315789473682,47.44146415084205,4.744146415084205
251.3157894736842,157.89473684210526,37.2161463782396,3.72161463782396
234.21052631578945,155.7017543859649,172.4526600994518,17.24526600994518
218.859649122807,145.17543859649123,186.1324138063414,18.61324138063414
209.21052631578945,135.52631578947367,136.45920338687785,13.645920338687784
207.45614035087718,132.45614035087718,35.36077959780064,3.5360779597800636
204.38596491228068,120.17543859649122,126.58657622510356,12.658657622510356
208.7719298245614,114.03508771929823,75.45899357054945,7.545899357054945
221.9298245614035,109.64912280701753,138.6963886038763,13.86963886038763
222.80701754385964,105.7017543859649,40.436598496898604,4.043659849689861
235.96491228070175,104.3859649122807,132.2352055410644,13.22352055410644
241.22807017543857,106.14035087719297,55.47855544155029,5.547855544155029
246.9298245614035,109.64912280701753,66.94884878277976,6.694884878277977
251.3157894736842,112.71929824561403,53.53752463041085,5.353752463041085
255.7017543859649,113.59649122807016,44.72824134730523,4.472824134730523
258.77192982456137,116.66666666666666,43.41883744127906,4.341883744127906
254.38596491228068,121.9298245614035,68.51096206935657,6.851096206935656
244.73684210526315,129.38596491228068,121.94244538998092,12.194244538998092
226.75438596491227,141.22807017543857,215.31469664269432,21.53146966426943
222.36842105263156,146.9298245614035,71.93517310024902,7.193517310024902
210.08771929824562,158.7719298245614,170.6021959541816,17.06021959541816
203.0701754385965,162.28070175438594,78.45852552630835,7.845852552630835
201.3157894736842,163.1578947368421,19.614631381577407,1.9614631381577408
189.91228070175438,160.08771929824562,118.09571945470388,11.809571945470388
186.8421052631579,156.57894736842104,46.62344654708192,4.662344654708192
196.05263157894737,148.68421052631578,121.3097954906959,12.13097954906959
205.26315789473682,147.80701754385964,92.52203118302164,9.252203118302164
215.35087719298244,150.0,103.23335347315636,10.323335347315636
223.2456140350877,151.75438596491227,80.87319699379721,8.087319699379721
240.78947368421052,154.38596491228068,177.40130189611142,17.740130189611143
245.6140350877193,156.57894736842104,52.99581567366038,5.2995815673660385
253.94736842105263,160.08771929824562,90.4189830179313,9.041898301793129
258.3333333333333,163.59649122807016,56.16775646870897,5.616775646870897
253.50877192982455,168.42105263157893,68.22960169343872,6.822960169343872
247.36842105263156,167.5438596491228,62.02691063039894,6.202691063039894
240.78947368421052,163.59649122807016,76.72305124796438,7.672305124796438
220.1754385964912,159.64912280701753,209.88572129834048,20.988572129834047
215.78947368421052,158.7719298245614,44.72824134730495,4.472824134730495
203.94736842105263,159.64912280701753,118.74549447965683,11.874549447965682
188.59649122807016,160.52631578947367,153.7591942364747,15.37591942364747
182.01754385964912,159.64912280701753,66.3716927650067,6.63716927650067
168.859649122807,159.21052631578945,131.65202648950563,13.165202648950563
164.91228070175438,145.17543859649123,145.79622928591783,14.579622928591784
168.859649122807,138.59649122807016,76.72305124796462,7.672305124796462
177.6315789473684,131.57894736842104,112.33551293741836,11.233551293741836
184.64912280701753,127.63157894736841,80.51561294160447,8.051561294160447
191.66666666666666,124.56140350877192,76.59758419549554,7.659758419549554
205.7017543859649,116.66666666666666,161.03122588320895,16.103122588320893
210.08771929824562,110.52631578947368,75.45899357054934,7.5458993570549335
214.4736842105263,99.12280701754385,122.17884453670285,12.217884453670285
217.98245614035088,102.19298245614034,46.62344654708192,4.662344654708192
226.3157894736842,109.64912280701753,111.82060336826267,11.182060336826266
231.14035087719296,117.10526315789473,88.8090207513885,8.88090207513885
234.21052631578945,123.68421052631578,72.60063753178444,7.260063753178445
241.66666666666666,132.89473684210526,118.5022463693536,11.85022463693536
246.9298245614035,138.59649122807016,77.59564040769355,7.759564040769355
249.12280701754383,140.78947368421052,31.01345531519933,3.101345531519933
251.75438596491227,142.98245614035088,34.25548103467848,3.425548103467848
252.6315789473684,146.49122807017542,36.16759320717232,3.6167593207172315
255.7017543859649,146.49122807017542,30.701754385964932,3.0701754385964932
253.94736842105263,147.80701754385964,21.929824561403507,2.1929824561403506
247.80701754385964,152.6315789473684,78.08988515247744,7.808988515247743
243.859649122807,155.7017543859649,50.007694083295526,5.000769408329552
229.38596491228068,157.45614035087718,145.7962292859182,14.57962292859182
222.80701754385964,153.50877192982455,76.72305124796438,7.672305124796438
201.3157894736842,141.66666666666666,245.37896018770826,24.537896018770827
195.1754385964912,136.4035087719298,80.87319699379734,8.087319699379734
183.33333333333331,135.08771929824562,119.14980444917647,11.914980444917648
183.33333333333331,117.98245614035088,171.0526315789474,17.10526315789474
188.59649122807016,108.7719298245614,106.08233879340206,10.608233879340206
191.22807017543857,103.94736842105263,54.95598283395459,5.495598283395459
206.14035087719296,100.87719298245614,152.2504820851735,15.22504820851735
219.73684210526315,100.87719298245614,135.96491228070192,13.596491228070192
232.89473684210526,106.57894736842104,143.40160284448962,14.340160284448961
239.4736842105263,111.40350877192982,81.58366332341345,8.158366332341345
248.2456140350877,121.49122807017544,133.68202328182602,13.368202328182601
250.0,134.21052631578948,128.39720323074084,12.839720323074085
248.2456140350877,138.59649122807016,47.23828778188153,4.723828778188153
234.64912280701753,142.98245614035088,142.86401293773966,14.286401293773967
229.38596491228068,140.78947368421052,57.01754385964921,5.701754385964921
218.859649122807,134.64912280701753,121.86354376710345,12.186354376710344
213.15789473684208,123.68421052631578,123.58774389127527,12.358774389127527
219.73684210526315,114.03508771929823,116.78532417275756,11.678532417275756
223.68421052631578,109.64912280701753,59.00712301348115,5.900712301348115
230.26315789473682,106.14035087719297,74.56140350877183,7.456140350877183
238.15789473684208,102.19298245614034,88.26584121709693,8.826584121709693
238.59649122807016,100.87719298245614,13.869638860387617,1.3869638860387616
244.73684210526315,95.17543859649122,83.79374199360885,8.379374199360885
249.56140350877192,93.85964912280701,50.00769408329546,5.000769408329546
259.64912280701753,100.0,118.09571945470408,11.809571945470408
258.3333333333333,109.21052631578947,93.0403659455983,9.304036594559829
251.3157894736842,116.22807017543859,99.24305700863826,9.924305700863826
246.05263157894734,122.80701754385964,84.25163470306387,8.425163470306387
232.01754385964912,133.7719298245614,178.10474126532392,17.81047412653239
217.1052631578947,140.78947368421052,164.809598491719,16.4809598491719
201.3157894736842,140.35087719298244,157.95564127516755,15.795564127516755
192.10526315789474,129.38596491228068,143.20024313433763,14.320024313433763
189.91228070175438,124.56140350877192,52.99581567366038,5.2995815673660385
196.05263157894737,112.71929824561403,133.3939151381188,13.339391513811881
198.68421052631578,107.89473684210526,54.95598283395459,5.495598283395459
212.28070175438594,98.68421052631578,164.2249581302548,16.42249581302548
214.4736842105263,96.9298245614035,28.0838782343546,2.80838782343546
222.36842105263156,96.49122807017544,79.0691069180699,7.90691069180699
226.75438596491227,98.24561403508771,47.23828778188169,4.723828778188169
244.73684210526315,93.85964912280701,185.09603373692272,18.509603373692272
252.19298245614033,96.9298245614035,80.63498381951844,8.063498381951844
257.0175438596491,102.19298245614034,71.39833594780565,7.139833594780565
262.280701754386,115.78947368421052,145.79622928591826,14.579622928591826
261.4035087719298,118.42105263157895,27.73927772077537,2.773927772077537
250.43859649122805,127.63157894736841,143.20024313433774,14.320024313433773
246.9298245614035,132.01754385964912,56.1677564687092,5.61677564687092
233.33333333333331,136.8421052631579,144.2709140648995,14.42709140648995
214.4736842105263,140.78947368421052,192.6831810218315,19.26831810218315
201.75438596491227,132.45614035087718,152.06084055578697,15.206084055578696
198.68421052631578,132.45614035087718,30.701754385964932,3.0701754385964932
195.6140350877193,111.84210526315789,208.41411176345116,20.841411176345115
200.43859649122805,105.26315789473684,81.58366332341348,8.158366332341348
205.26315789473682,100.43859649122807,68.22960169343872,6.822960169343872
215.78947368421052,96.49122807017544,112.42110191207291,11.242110191207292
221.9298245614035,99.56140350877192,68.65120983551984,6.865120983551984
229.82456140350877,100.87719298245614,80.0363490828713,8.003634908287129
238.59649122807016,104.82456140350877,96.19172017307585,9.619172017307585
253.94736842105263,121.49122807017544,226.58932198402624,22.658932198402624
251.75438596491227,127.19298245614034,61.08942226835134,6.1089422268351345
244.73684210526315,132.01754385964912,85.16003438134918,8.516003438134918
233.33333333333331,136.4035087719298,122.17884453670285,12.217884453670285
218.42105263157893,141.66666666666666,158.13821383613987,15.813821383613988
214.03508771929825,142.98245614035088,45.79081802153736,4.579081802153736
203.94736842105263,139.4736842105263,106.80522510426253,10.680522510426254
204.82456140350877,119.29824561403508,201.9449900565146,20.19449900565146
206.57894736842104,114.91228070175438,47.23828778188156,4.723828778188156
219.73684210526315,104.82456140350877,165.79875588978777,16.579875588978776
222.36842105263156,102.63157894736841,34.25548103467826,3.4255481034678263
229.38596491228068,102.19298245614034,70.31236641176052,7.0312366411760525
242.5438596491228,97.80701754385964,138.6963886038763,13.86963886038763
246.9298245614035,98.68421052631578,44.72824134730523,4.472824134730523
254.82456140350877,107.45614035087719,118.01424602696241,11.80142460269624
258.3333333333333,117.10526315789473,102.67280623438253,10.267280623438253
254.38596491228068,120.61403508771929,52.81401131049252,5.281401131049252
249.12280701754383,123.68421052631578,60.931771883551846,6.093177188355185
232.45614035087718,128.50877192982455,173.5091267092322,17.35091267092322
225.0,130.26315789473682,76.59758419549536,7.659758419549536
209.64912280701753,132.01754385964912,154.50802591060133,15.450802591060134
198.2456140350877,128.0701754385965,120.67382887892646,12.067382887892645
184.64912280701753,121.49122807017544,151.04539787475923,15.104539787475924
170.1754385964912,117.98245614035088,148.92918286271632,14.892918286271632
164.4736842105263,117.10526315789473,57.68836157002583,5.768836157002584
149.12280701754386,126.75438596491227,181.31602288240677,18.13160228824068
148.68421052631578,134.21052631578948,74.69029107862471,7.469029107862471
152.19298245614036,137.71929824561403,49.62152850431913,4.962152850431913
160.52631578947367,139.91228070175438,86.17053817714238,8.617053817714238
177.6315789473684,143.859649122807,175.54821137008338,17.55482113700834
186.4035087719298,148.2456140350877,98.07315690788538,9.807315690788538
190.78947368421052,151.75438596491227,56.16775646870938,5.616775646870938
200.43859649122805,154.38596491228068,100.01538816659092,10.001538816659092
203.94736842105263,157.89473684210526,49.62152850431933,4.9621528504319325
213.59649122807016,160.08771929824562,98.95187870770586,9.895187870770586
