"X, Y, Velocity, Distance"
316.9642857142857,123.66071428571429,0.0001,0.0001
312.05357142857144,118.30357142857143,72.67330623258795,7.267330623258795
309.375,115.17857142857143,41.158680612914786,4.115868061291478
309.8214285714286,114.28571428571429,9.982446328124206,0.9982446328124206
308.0357142857143,110.71428571428572,39.92978531249645,3.992978531249645
309.8214285714286,108.92857142857143,25.253813613805658,2.525381361380566
309.375,107.58928571428572,14.117310982894622,1.4117310982894622
309.375,107.58928571428572,0.0,0.0
311.6071428571429,105.80357142857143,28.585376059968368,2.858537605996837
311.6071428571429,105.80357142857143,0.0,0.0
318.75,101.78571428571429,81.95339174413282,8.19533917441328
318.75,101.78571428571429,0.0,0.0
318.75,101.78571428571429,0.0,0.0
310.7142857142857,99.55357142857143,83.3997396976312,8.33997396976312
317.4107142857143,99.10714285714286,67.11293026059317,6.711293026059318
322.76785714285717,97.32142857142858,56.46924393157849,5.646924393157849
332.14285714285717,95.08928571428572,96.37068368269153,9.637068368269153
330.80357142857144,95.08928571428572,13.392857142857224,1.3392857142857224
331.6964285714286,91.07142857142857,41.15868061291483,4.115868061291483
331.25,92.41071428571429,14.117310982894757,1.4117310982894757
333.92857142857144,87.5,55.937339670275435,5.593733967027544
332.14285714285717,87.94642857142857,18.406721542935898,1.8406721542935898
328.5714285714286,87.05357142857143,36.813443085871796,3.6813443085871795
326.7857142857143,87.94642857142857,19.96489265624854,1.996489265624854
331.6964285714286,89.28571428571429,50.90068862049772,5.090068862049772
323.2142857142857,91.07142857142857,86.68074928101636,8.668074928101635
320.5357142857143,87.94642857142857,41.158680612914786,4.115868061291478
322.76785714285717,88.39285714285715,22.763479971396702,2.2763479971396703
325.4464285714286,88.39285714285715,26.785714285714448,2.678571428571445
328.5714285714286,87.05357142857143,33.998987079749625,3.3998987079749625
331.6964285714286,83.48214285714286,47.45600809256538,4.745600809256539
333.0357142857143,80.80357142857143,29.947338984371985,2.9947338984371985
342.4107142857143,77.67857142857143,98.82117688026186,9.882117688026186
335.7142857142857,79.01785714285715,68.29043991418894,6.829043991418894
341.0714285714286,79.46428571428572,53.75711865532307,5.375711865532307
344.1964285714286,79.46428571428572,31.25,3.125
353.125,78.125,90.28459114355624,9.028459114355623
348.2142857142857,82.14285714285715,63.44942144442811,6.344942144442811
350.89285714285717,82.58928571428572,27.155189867402925,2.7155189867402925
345.9821428571429,87.94642857142857,72.67330623258785,7.267330623258784
345.9821428571429,89.28571428571429,13.392857142857224,1.3392857142857224
347.76785714285717,90.625,22.32142857142847,2.232142857142847
341.51785714285717,92.85714285714286,66.36637833624334,6.636637833624334
335.7142857142857,91.07142857142857,60.72085048542626,6.072085048542626
333.4821428571429,91.96428571428572,24.04091431756456,2.404091431756456
333.0357142857143,91.51785714285715,6.3134534034515895,0.631345340345159
322.76785714285717,89.28571428571429,105.07680621374809,10.507680621374808
321.875,90.625,16.096211051178607,1.6096211051178606
317.4107142857143,91.51785714285715,45.52695994279282,4.552695994279282
316.0714285714286,94.19642857142857,29.947338984371857,2.9947338984371856
315.625,91.07142857142857,31.567267017256643,3.156726701725664
309.8214285714286,91.96428571428572,58.71851088377598,5.871851088377598
310.7142857142857,97.76785714285715,58.71851088377633,5.871851088377634
313.39285714285717,98.66071428571429,28.234621965789245,2.8234621965789244
313.39285714285717,98.66071428571429,0.0,0.0
323.6607142857143,98.66071428571429,102.6785714285711,10.26785714285711
328.125,95.08928571428572,57.1707521199362,5.71707521199362
326.3392857142857,98.66071428571429,39.929785312496186,3.9929785312496184
331.6964285714286,94.64285714285715,66.96428571428595,6.696428571428595
330.3571428571429,91.51785714285715,33.998987079749625,3.3998987079749625
329.01785714285717,90.625,16.096211051178646,1.6096211051178646
325.89285714285717,90.17857142857143,31.567267017256583,3.1567267017256584
322.3214285714286,93.30357142857143,47.45600809256528,4.745600809256528
314.7321428571429,88.83928571428572,88.04947733623227,8.804947733623226
314.7321428571429,88.83928571428572,0.0,0.0
313.8392857142857,82.58928571428572,63.13453403451321,6.313453403451321
315.17857142857144,78.125,46.60851120049363,4.660851120049363
317.4107142857143,78.57142857142857,22.76347997139612,2.276347997139612
320.0892857142857,77.67857142857143,28.234621965789245,2.8234621965789244
322.76785714285717,77.23214285714286,27.155189867402925,2.7155189867402925
328.125,77.23214285714286,53.57142857142833,5.357142857142833
330.3571428571429,79.01785714285715,28.585376059968368,2.858537605996837
335.7142857142857,76.78571428571429,58.03571428571408,5.8035714285714075
337.05357142857144,76.78571428571429,13.392857142857224,1.3392857142857224
337.9464285714286,79.46428571428572,28.2346219657892,2.82346219657892
338.8392857142857,79.91071428571429,9.98244632812376,0.9982446328123761
348.2142857142857,79.01785714285715,94.17421031129011,9.417421031129011
345.9821428571429,80.35714285714286,26.03103524484485,2.603103524484485
350.89285714285717,79.46428571428572,49.91223164062022,4.991223164062022
353.125,83.03571428571429,42.11598719668112,4.211598719668112
357.14285714285717,83.03571428571429,40.17857142857167,4.017857142857167
356.25,85.71428571428572,28.2346219657892,2.82346219657892
356.6964285714286,83.48214285714286,22.76347997139648,2.276347997139648
358.0357142857143,91.07142857142857,77.06552009657159,7.706552009657159
358.0357142857143,91.07142857142857,0.0,0.0
354.01785714285717,91.96428571428572,41.15868061291438,4.1158680612914385
354.01785714285717,91.96428571428572,0.0,0.0
351.7857142857143,93.75,28.585376059968276,2.8585376059968275
353.125,88.83928571428572,50.90068862049717,5.090068862049717
356.25,88.83928571428572,31.25,3.125
351.3392857142857,88.83928571428572,49.107142857142776,4.910714285714278
348.6607142857143,87.94642857142857,28.234621965789287,2.823462196578929
342.8571428571429,87.5,58.2071643321661,5.82071643321661
335.7142857142857,87.5,71.42857142857167,7.142857142857167
330.3571428571429,85.26785714285715,58.03571428571402,5.803571428571402
326.7857142857143,84.375,36.813443085872386,3.6813443085872386
325.4464285714286,83.03571428571429,18.940360210353564,1.8940360210353564
320.0892857142857,87.05357142857143,66.96428571428595,6.696428571428595
321.875,91.51785714285715,48.08182863512955,4.808182863512955
322.76785714285717,79.91071428571429,116.41432866433307,11.641432866433307
316.9642857142857,85.26785714285715,78.98127684354539,7.898127684354539
325.89285714285717,83.03571428571429,92.03360771468009,9.20336077146801
331.25,80.80357142857143,58.03571428571408,5.8035714285714075
335.26785714285717,80.80357142857143,40.17857142857167,4.017857142857167
340.17857142857144,79.46428571428572,50.900688620497135,5.090068862049714
344.64285714285717,80.80357142857143,46.60851120049359,4.660851120049359
345.0892857142857,82.58928571428572,18.406721542936005,1.8406721542936004
351.7857142857143,81.25,68.29043991418894,6.829043991418894
357.14285714285717,81.69642857142857,53.75711865532307,5.375711865532307
362.9464285714286,80.35714285714286,59.56100028627842,5.9561000286278425
368.30357142857144,80.35714285714286,53.57142857142833,5.357142857142833
369.1964285714286,80.80357142857143,9.98244632812427,0.998244632812427
374.55357142857144,80.80357142857143,53.57142857142833,5.357142857142833
370.9821428571429,82.14285714285715,38.14287386302457,3.814287386302457
379.01785714285717,83.03571428571429,80.851653019084,8.0851653019084
383.4821428571429,82.14285714285715,45.52695994279279,4.552695994279279
386.16071428571433,81.69642857142857,27.155189867402946,2.7155189867402947
393.30357142857144,81.69642857142857,71.4285714285711,7.14285714285711
398.2142857142857,81.69642857142857,49.107142857142776,4.910714285714278
398.66071428571433,84.375,27.155189867402854,2.7155189867402854
397.76785714285717,86.60714285714286,24.04091431756488,2.404091431756488
405.3571428571429,87.05357142857143,76.02404627645723,7.602404627645723
402.2321428571429,88.83928571428572,35.992222090618554,3.5992222090618555
412.05357142857144,87.05357142857143,99.82446328124047,9.982446328124047
418.30357142857144,86.16071428571429,63.134534034513166,6.313453403451317
419.64285714285717,87.05357142857143,16.096211051178567,1.6096211051178568
423.2142857142857,88.39285714285715,38.14287386302457,3.814287386302457
423.2142857142857,89.28571428571429,8.928571428571388,0.8928571428571388
428.5714285714286,90.17857142857143,54.31037973480585,5.431037973480585
425.89285714285717,92.41071428571429,34.86718605315486,3.486718605315486
435.26785714285717,91.07142857142857,94.70180105176976,9.470180105176976
435.26785714285717,92.85714285714286,17.857142857142918,1.7857142857142918
437.9464285714286,93.30357142857143,27.155189867402925,2.7155189867402925
440.625,94.19642857142857,28.234621965788705,2.8234621965788707
443.30357142857144,95.53571428571429,29.947338984372365,2.9947338984372367
439.28571428571433,97.76785714285715,45.96263455797742,4.596263455797741
442.8571428571429,98.21428571428572,35.99222209061836,3.5992222090618364
441.51785714285717,99.55357142857143,18.940360210353965,1.8940360210353966
445.9821428571429,100.89285714285715,46.60851120049363,4.660851120049363
449.55357142857144,104.01785714285715,47.45600809256528,4.745600809256528
445.0892857142857,107.14285714285715,54.493551855954095,5.44935518559541
443.75,108.03571428571429,16.096211051178567,1.6096211051178568
449.55357142857144,112.05357142857143,70.58655491447286,7.058655491447285
447.76785714285717,114.28571428571429,28.585376059968056,2.8585376059968057
450.89285714285717,112.5,35.992222090618554,3.5992222090618555
441.9642857142857,110.71428571428572,91.05391988558559,9.105391988558559
442.41071428571433,113.83928571428572,31.567267017256643,3.156726701725664
438.39285714285717,114.73214285714286,41.15868061291491,4.115868061291491
440.625,116.51785714285715,28.585376059967924,2.8585376059967924
437.5,119.19642857142858,41.15868061291469,4.115868061291469
429.91071428571433,122.76785714285715,83.87631351810641,8.387631351810642
430.80357142857144,125.0,24.040914317564535,2.4040914317564535
428.5714285714286,128.125,38.4032377992973,3.8403237799297303
423.2142857142857,132.58928571428572,69.73437210630972,6.973437210630972
420.53571428571433,135.71428571428572,41.15868061291441,4.115868061291441
415.17857142857144,140.625,72.67330623258816,7.267330623258816
410.7142857142857,143.75,54.493551855954095,5.44935518559541
405.80357142857144,147.76785714285714,63.44942144442801,6.344942144442801
404.91071428571433,150.44642857142858,28.234621965789152,2.823462196578915
406.25,153.125,29.947338984371857,2.9947338984371856
410.7142857142857,153.125,44.642857142857224,4.464285714285722
408.4821428571429,148.21428571428572,53.9421695249756,5.39421695249756
404.4642857142857,148.6607142857143,40.4258265095423,4.0425826509542295
408.92857142857144,145.08928571428572,57.17075211993629,5.717075211993629
411.16071428571433,146.875,28.585376059968276,2.8585376059968275
413.8392857142857,146.42857142857144,27.15518986740234,2.715518986740234
421.42857142857144,147.32142857142858,76.41626235992727,7.641626235992727
426.78571428571433,149.10714285714286,56.46924393157849,5.646924393157849
437.5,151.7857142857143,110.44032925761547,11.044032925761547
437.9464285714286,154.01785714285714,22.7634799713962,2.27634799713962
446.42857142857144,156.69642857142858,88.9502627016573,8.89502627016573
445.0892857142857,159.375,29.947338984372113,2.9947338984372114
445.9821428571429,160.71428571428572,16.096211051178727,1.6096211051178728
451.3392857142857,162.05357142857144,55.22016462880774,5.5220164628807735
456.6964285714286,162.05357142857144,53.571428571428896,5.35714285714289
462.05357142857144,165.17857142857144,62.019839238614985,6.201983923861499
464.7321428571429,166.96428571428572,32.192422102357135,3.2192422102357137
469.1964285714286,168.30357142857144,46.60851120049363,4.660851120049363
466.0714285714286,167.85714285714286,31.567267017256604,3.1567267017256606
478.125,169.64285714285714,121.85128628532263,12.185128628532263
478.5714285714286,170.98214285714286,14.117310982894757,1.4117310982894757
475.89285714285717,173.6607142857143,37.88072042070813,3.788072042070813
475.4464285714286,171.875,18.406721542936143,1.8406721542936144
475.4464285714286,171.42857142857144,4.464285714285552,0.4464285714285552
474.55357142857144,170.5357142857143,12.626906806902777,1.2626906806902778
479.4642857142857,165.17857142857144,72.67330623258795,7.267330623258795
478.125,161.60714285714286,38.14287386302484,3.814287386302484
478.125,159.375,22.321428571428612,2.232142857142861
477.67857142857144,158.92857142857144,6.313453403451088,0.6313453403451088
478.125,155.35714285714286,35.992222090618625,3.5992222090618626
481.25,150.0,62.01983923861523,6.2019839238615235
478.5714285714286,147.76785714285714,34.86718605315442,3.486718605315442
480.3571428571429,142.4107142857143,56.46924393157795,5.646924393157795
482.5892857142857,135.26785714285714,74.83506524214395,7.483506524214396
483.03571428571433,128.57142857142858,67.1129302605932,6.71129302605932
486.16071428571433,120.53571428571429,86.21967819566062,8.621967819566063
486.16071428571433,116.07142857142858,44.64285714285708,4.464285714285708
482.5892857142857,115.625,35.992222090618945,3.5992222090618946
480.3571428571429,114.28571428571429,26.03103524484485,2.603103524484485
485.7142857142857,107.58928571428572,85.75612817990405,8.575612817990406
483.4821428571429,102.67857142857143,53.942169524975725,5.3942169524975725
483.03571428571433,97.32142857142858,53.757118655322635,5.3757118655322635
481.6964285714286,92.85714285714286,46.60851120049363,4.660851120049363
486.6071428571429,84.375,98.01115357187565,9.801115357187566
485.26785714285717,81.25,33.998987079749625,3.3998987079749625
471.875,83.48214285714286,135.77594933701408,13.577594933701409
471.875,83.48214285714286,0.0,0.0
471.875,83.48214285714286,0.0,0.0
471.875,83.48214285714286,0.0,0.0
480.3571428571429,83.48214285714286,84.8214285714289,8.48214285714289
480.3571428571429,83.48214285714286,0.0,0.0
480.3571428571429,83.48214285714286,0.0,0.0
480.3571428571429,83.48214285714286,0.0,0.0
470.0892857142857,79.46428571428572,110.25972352882583,11.025972352882583
464.7321428571429,78.125,55.22016462880774,5.5220164628807735
461.6071428571429,78.125,31.25,3.125
459.375,78.125,22.321428571428896,2.2321428571428896
458.03571428571433,79.46428571428572,18.940360210353663,1.8940360210353664
455.3571428571429,80.80357142857143,29.9473389843723,2.99473389843723
453.5714285714286,83.03571428571429,28.585376059968056,2.8585376059968057
453.125,86.16071428571429,31.567267017256643,3.156726701725664
449.1071428571429,87.94642857142857,43.96811518658942,4.396811518658942
446.875,87.5,22.763479971396674,2.276347997139667
448.2142857142857,84.82142857142857,29.947338984372237,2.994733898437224
449.1071428571429,83.92857142857143,12.626906806902777,1.2626906806902778
454.91071428571433,81.25,63.918844032483875,6.391884403248388
462.05357142857144,80.35714285714286,71.98444418123673,7.198444418123673
466.0714285714286,80.35714285714286,40.17857142857167,4.017857142857167
465.17857142857144,84.375,41.15868061291469,4.115868061291469
470.0892857142857,83.92857142857143,49.30964739815733,4.9309647398157335
474.55357142857144,85.26785714285715,46.60851120049363,4.660851120049363
481.25,88.39285714285715,73.897077487709,7.3897077487709
481.25,88.39285714285715,0.0,0.0
482.14285714285717,89.28571428571429,12.626906806902777,1.2626906806902778
482.5892857142857,84.82142857142857,44.865516165718326,4.486551616571832
482.5892857142857,84.82142857142857,0.0,0.0
482.5892857142857,84.82142857142857,0.0,0.0
482.5892857142857,84.82142857142857,0.0,0.0
476.78571428571433,80.80357142857143,70.58655491447239,7.058655491447238
471.875,79.46428571428572,50.90068862049768,5.090068862049768
460.7142857142857,77.23214285714286,113.81739985698172,11.381739985698172
467.41071428571433,80.80357142857143,75.8928571428575,7.589285714285749
465.17857142857144,79.01785714285715,28.585376059968276,2.8585376059968275
465.17857142857144,79.01785714285715,0.0,0.0
459.375,78.125,58.71851088377654,5.871851088377654
459.375,78.125,0.0,0.0
459.375,78.125,0.0,0.0
455.80357142857144,79.46428571428572,38.14287386302457,3.814287386302457
455.80357142857144,81.25,17.857142857142776,1.7857142857142776
462.05357142857144,79.91071428571429,63.918844032483705,6.391884403248371
462.5,80.35714285714286,6.313453403451188,0.6313453403451188
468.75,79.01785714285715,63.918844032483705,6.391884403248371
468.75,81.25,22.32142857142847,2.232142857142847
471.42857142857144,81.25,26.785714285714448,2.678571428571445
471.42857142857144,81.25,0.0,0.0
471.42857142857144,81.25,0.0,0.0
471.42857142857144,81.25,0.0,0.0
481.25,85.71428571428572,107.88433904995142,10.788433904995141
480.80357142857144,88.83928571428572,31.56726701725656,3.156726701725656
480.3571428571429,85.26785714285715,35.99222209061848,3.5992222090618484
476.78571428571433,83.48214285714286,39.92978531249613,3.992978531249613
482.5892857142857,80.80357142857143,63.918844032483356,6.391884403248335
479.91071428571433,83.03571428571429,34.86718605315442,3.486718605315442
478.5714285714286,79.01785714285715,42.35193294868364,4.235193294868364
476.78571428571433,77.23214285714286,25.253813613805253,2.5253813613805254
476.78571428571433,77.23214285714286,0.0,0.0
476.78571428571433,81.69642857142857,44.64285714285708,4.464285714285708
480.80357142857144,79.46428571428572,45.962634557977346,4.596263455797734
484.8214285714286,79.46428571428572,40.17857142857167,4.017857142857167
482.14285714285717,81.25,32.192422102357135,3.2192422102357137
488.39285714285717,82.58928571428572,63.91884403248373,6.3918844032483735
486.16071428571433,80.80357142857143,28.585376059967924,2.8585376059967924
482.5892857142857,79.01785714285715,39.92978531249657,3.992978531249657
478.5714285714286,81.25,45.962634557977346,4.596263455797734
474.1071428571429,79.01785714285715,49.912231640620334,4.991223164062033
469.64285714285717,77.23214285714286,48.0818286351296,4.808182863512959
467.41071428571433,78.125,24.040914317564507,2.404091431756451
462.05357142857144,78.57142857142857,53.75711865532307,5.375711865532307
462.05357142857144,78.57142857142857,0.0,0.0
459.8214285714286,78.125,22.76347997139612,2.276347997139612
453.125,81.25,73.89707748770951,7.389707748770951
449.1071428571429,83.03571428571429,43.96811518658948,4.396811518658948
445.53571428571433,86.60714285714286,50.507627227610406,5.050762722761041
441.0714285714286,87.94642857142857,46.60851120049359,4.660851120049359
441.0714285714286,87.94642857142857,0.0,0.0
445.0892857142857,90.625,48.288633153535315,4.828863315353532
453.125,87.94642857142857,84.70386589736724,8.470386589736723
451.3392857142857,88.83928571428572,19.964892656248093,1.9964892656248092
451.3392857142857,88.83928571428572,0.0,0.0
454.4642857142857,87.5,33.998987079749625,3.3998987079749625
456.6964285714286,86.16071428571429,26.031035244845338,2.603103524484534
451.78571428571433,83.03571428571429,58.20716433216644,5.820716433216644
448.66071428571433,81.25,35.992222090618554,3.5992222090618555
441.0714285714286,79.01785714285715,79.10734440477394,7.910734440477394
439.28571428571433,80.80357142857143,25.253813613805153,2.525381361380515
434.375,80.35714285714286,49.3096473981579,4.93096473981579
431.6964285714286,79.91071428571429,27.155189867402363,2.7155189867402365
428.5714285714286,79.91071428571429,31.25,3.125
428.125,79.01785714285715,9.982446328124206,0.9982446328124206
433.92857142857144,75.89285714285715,65.91438866175639,6.591438866175639
433.92857142857144,78.125,22.32142857142847,2.232142857142847
436.16071428571433,78.57142857142857,22.763479971396674,2.276347997139667
441.9642857142857,79.46428571428572,58.71851088377598,5.871851088377598
446.875,79.46428571428572,49.107142857142776,4.910714285714278
452.67857142857144,79.46428571428572,58.03571428571445,5.803571428571445
452.2321428571429,81.69642857142857,22.76347997139623,2.2763479971396228
453.125,83.92857142857143,24.040914317564667,2.404091431756467
457.14285714285717,83.03571428571429,41.15868061291491,4.115868061291491
467.41071428571433,84.375,103.54833486377882,10.354833486377881
467.8571428571429,87.05357142857143,27.15518986740276,2.715518986740276
469.1964285714286,89.73214285714286,29.947338984372237,2.994733898437224
476.78571428571433,91.51785714285715,77.96539819898662,7.796539819898662
474.1071428571429,94.19642857142857,37.88072042070793,3.788072042070793
479.4642857142857,90.625,64.38484420471389,6.438484420471388
481.25,85.26785714285715,56.469243931578085,5.646924393157809
481.25,83.48214285714286,17.857142857142918,1.7857142857142918
475.0,84.82142857142857,63.918844032483705,6.391884403248371
475.0,84.82142857142857,0.0,0.0
475.0,84.82142857142857,0.0,0.0
481.25,79.01785714285715,85.29005881492313,8.529005881492314
479.91071428571433,80.35714285714286,18.940360210353564,1.8940360210353564
483.92857142857144,80.80357142857143,40.425826509541714,4.042582650954172
483.4821428571429,83.48214285714286,27.15518986740276,2.715518986740276
475.0,84.375,85.29005881492354,8.529005881492354
481.25,89.28571428571429,79.48434738734313,7.9484347387343135
481.25,89.28571428571429,0.0,0.0
476.3392857142857,94.19642857142857,69.44798743796437,6.944798743796437
476.3392857142857,89.73214285714286,44.64285714285708,4.464285714285708
479.91071428571433,86.16071428571429,50.50762722761081,5.050762722761081
479.4642857142857,88.83928571428572,27.155189867402854,2.7155189867402854
479.01785714285717,85.71428571428572,31.56726701725656,3.156726701725656
478.125,81.25,45.52695994279285,4.552695994279285
481.25,80.80357142857143,31.567267017256583,3.1567267017256584
481.25,80.80357142857143,0.0,0.0
479.91071428571433,83.03571428571429,26.031035244844876,2.603103524484488
479.4642857142857,82.58928571428572,6.3134534034515895,0.631345340345159
483.03571428571433,84.82142857142857,42.11598719668156,4.211598719668156
486.16071428571433,86.60714285714286,35.992222090618554,3.5992222090618555
483.92857142857144,87.94642857142857,26.031035244845338,2.603103524484534
471.42857142857144,88.39285714285715,125.07969398323125,12.507969398323125
474.55357142857144,93.30357142857143,58.20716433216644,5.820716433216644
476.78571428571433,94.64285714285715,26.031035244845413,2.603103524484541
480.3571428571429,101.33928571428572,75.89285714285705,7.5892857142857055
480.3571428571429,104.01785714285715,26.785714285714306,2.6785714285714306
483.03571428571433,105.80357142857143,32.192422102357135,3.2192422102357137
484.375,109.375,38.142873863024505,3.8142873863024507
477.67857142857144,108.03571428571429,68.29043991418891,6.8290439914188905
480.80357142857144,114.28571428571429,69.87712429686843,6.987712429686843
478.125,119.64285714285715,59.894677968744475,5.989467796874448
481.6964285714286,112.5,79.85957062499276,7.985957062499276
477.2321428571429,111.16071428571429,46.60851120049359,4.660851120049359
475.4464285714286,108.03571428571429,35.99222209061848,3.5992222090618484
477.67857142857144,101.33928571428572,70.58655491447266,7.058655491447266
477.2321428571429,95.98214285714286,53.75711865532278,5.375711865532278
479.91071428571433,91.51785714285715,52.062070489690214,5.206207048969022
479.4642857142857,91.51785714285715,4.46428571428612,0.44642857142861203
479.4642857142857,93.75,22.32142857142847,2.232142857142847
483.92857142857144,96.42857142857143,52.062070489690264,5.206207048969026
480.3571428571429,98.21428571428572,39.92978531249613,3.992978531249613
469.64285714285717,93.30357142857143,117.86052484325086,11.786052484325086
481.6964285714286,99.10714285714286,133.77967914081887,13.377967914081887
481.6964285714286,99.10714285714286,0.0,0.0
481.6964285714286,99.10714285714286,0.0,0.0
477.2321428571429,106.69642857142858,88.04947733623234,8.804947733623234
473.2142857142857,109.82142857142858,50.90068862049743,5.090068862049742
468.30357142857144,114.73214285714286,69.44798743796437,6.944798743796437
459.8214285714286,127.23214285714286,151.0618242472198,15.106182424721979
457.5892857142857,133.92857142857144,70.58655491447297,7.058655491447297
454.01785714285717,144.19642857142858,108.71246126683849,10.871246126683848
451.3392857142857,150.44642857142858,67.99797415949925,6.799797415949925
448.66071428571433,155.35714285714286,55.93733967027504,5.593733967027504
447.3214285714286,160.71428571428572,55.220164628808014,5.522016462880801
444.1964285714286,165.17857142857144,54.493551855954095,5.44935518559541
443.75,168.30357142857144,31.567267017256643,3.156726701725664
445.53571428571433,167.4107142857143,19.96489265624854,1.996489265624854
445.53571428571433,167.4107142857143,0.0,0.0
441.0714285714286,172.32142857142858,66.36637833624333,6.636637833624333
443.30357142857144,166.07142857142858,66.36637833624324,6.636637833624325
444.1964285714286,167.85714285714286,19.964892656248157,1.9964892656248157
436.6071428571429,173.21428571428572,92.89576806555729,9.28957680655573
433.92857142857144,173.21428571428572,26.785714285714448,2.678571428571445
434.375,171.875,14.117310982894576,1.4117310982894575
434.375,171.875,0.0,0.0
436.16071428571433,173.6607142857143,25.253813613805757,2.5253813613805756
436.16071428571433,173.6607142857143,0.0,0.0
437.5,172.76785714285714,16.096211051178255,1.6096211051178255
439.28571428571433,170.08928571428572,32.19242210235721,3.219242210235721
439.28571428571433,171.875,17.857142857142776,1.7857142857142776
423.2142857142857,175.44642857142858,164.63472245165914,16.463472245165914
423.66071428571433,174.10714285714286,14.117310982894757,1.4117310982894757
417.41071428571433,175.0,63.134534034513166,6.313453403451317
410.7142857142857,175.0,66.96428571428612,6.696428571428612
405.80357142857144,174.55357142857144,49.30964739815732,4.930964739815732
396.42857142857144,174.55357142857144,93.75,9.375
393.75,172.32142857142858,34.86718605315486,3.486718605315486
397.3214285714286,169.64285714285714,44.642857142857565,4.464285714285756
397.76785714285717,169.19642857142858,6.313453403451088,0.6313453403451088
404.01785714285717,168.30357142857144,63.134534034513166,6.313453403451317
407.5892857142857,166.96428571428572,38.14287386302457,3.814287386302457
412.05357142857144,165.17857142857144,48.08182863512955,4.808182863512955
422.3214285714286,162.5,106.11486003575664,10.611486003575664
425.0,161.60714285714286,28.234621965788705,2.8234621965788707
435.7142857142857,160.26785714285714,107.97666627185566,10.797666627185567
437.05357142857144,158.92857142857144,18.940360210353866,1.8940360210353866
448.2142857142857,152.23214285714286,130.15517622422544,13.015517622422545
446.875,152.23214285714286,13.392857142857224,1.3392857142857224
455.80357142857144,149.55357142857144,93.21702240098718,9.321702240098718
453.125,149.10714285714286,27.155189867402946,2.7155189867402947
467.8571428571429,144.19642857142858,155.29042081184033,15.529042081184034
468.75,142.4107142857143,19.964892656247905,1.9964892656247906
470.0892857142857,138.83928571428572,38.14287386302484,3.814287386302484
476.3392857142857,131.25,98.3156943997556,9.83156943997556
475.89285714285717,127.23214285714286,40.42582650954198,4.0425826509541976
472.3214285714286,123.66071428571429,50.507627227610406,5.050762722761041
471.875,117.41071428571429,62.65923592686699,6.265923592686699
474.1071428571429,106.69642857142858,109.44330957260057,10.944330957260057
475.0,102.23214285714286,45.526959942792736,4.552695994279274
477.2321428571429,94.19642857142857,83.39973969763142,8.339973969763141
476.78571428571433,90.17857142857143,40.42582650954198,4.0425826509541976
468.75,90.625,80.4810552558931,8.04810552558931
464.28571428571433,94.19642857142857,57.170752119935756,5.717075211993576
459.375,96.42857142857143,53.94216952497623,5.394216952497623
452.2321428571429,99.10714285714286,76.28574772604908,7.6285747726049085
445.53571428571433,97.32142857142858,69.30435132258921,6.930435132258921
439.7321428571429,94.19642857142857,65.91438866175646,6.591438866175646
432.14285714285717,91.96428571428572,79.10734440477394,7.910734440477394
425.0,91.96428571428572,71.42857142857167,7.142857142857167
418.30357142857144,92.85714285714286,67.55690156438177,6.7556901564381775
409.8214285714286,92.41071428571429,84.93882852875176,8.493882852875176
406.25,94.64285714285715,42.11598719668163,4.211598719668163
395.0892857142857,95.08928571428572,111.69639288568567,11.169639288568566
389.7321428571429,98.66071428571429,64.38484420471389,6.438484420471388
387.5,104.91071428571429,66.36637833624344,6.636637833624344
386.6071428571429,110.26785714285715,54.31037973480552,5.431037973480552
388.8392857142857,118.75,87.7092977874485,8.77092977874485
401.3392857142857,127.23214285714286,151.06182424721993,15.106182424721993
402.2321428571429,130.35714285714286,32.500490577145236,3.2500490577145236
401.3392857142857,131.69642857142858,16.096211051178727,1.6096211051178728
409.375,135.71428571428572,89.84201695311646,8.984201695311645
412.05357142857144,141.07142857142858,59.894677968744475,5.989467796874448
416.51785714285717,145.08928571428572,60.060821638721954,6.006082163872195
416.9642857142857,147.76785714285714,27.15518986740262,2.715518986740262
417.41071428571433,150.89285714285714,31.567267017256643,3.156726701725664
420.9821428571429,154.9107142857143,53.75711865532282,5.375711865532282
426.3392857142857,158.92857142857144,66.9642857142855,6.69642857142855
425.4464285714286,160.26785714285714,16.096211051178173,1.6096211051178173
432.14285714285717,162.5,70.58655491447261,7.0586554914472615
437.5,164.2857142857143,56.469243931578035,5.6469243931578035
441.51785714285717,165.17857142857144,41.15868061291491,4.115868061291491
443.75,166.07142857142858,24.040914317564507,2.404091431756451
443.30357142857144,162.94642857142858,31.56726701725656,3.156726701725656
439.28571428571433,157.58928571428572,66.96428571428555,6.696428571428555
439.28571428571433,157.58928571428572,0.0,0.0
433.92857142857144,154.46428571428572,62.01983923861548,6.201983923861548
432.5892857142857,158.92857142857144,46.60851120049363,4.660851120049363
429.91071428571433,146.875,123.4760418387441,12.34760418387441
430.80357142857144,145.5357142857143,16.096211051178173,1.6096211051178173
435.26785714285717,144.64285714285714,45.52695994279285,4.552695994279285
440.17857142857144,142.4107142857143,53.9421695249756,5.39421695249756
445.0892857142857,140.625,52.25312460142689,5.225312460142689
448.66071428571433,140.625,35.71428571428612,3.571428571428612
459.8214285714286,141.07142857142858,111.69639288568567,11.169639288568566
466.51785714285717,143.30357142857144,70.58655491447261,7.0586554914472615
469.64285714285717,145.08928571428572,35.99222209061848,3.5992222090618484
476.3392857142857,147.76785714285714,72.12274295269405,7.212274295269405
477.67857142857144,148.6607142857143,16.096211051178727,1.6096211051178728
480.80357142857144,145.98214285714286,41.158680612914786,4.115868061291478
477.2321428571429,147.32142857142858,38.14287386302457,3.814287386302457
483.92857142857144,134.375,145.7573903331653,14.575739033316529
483.4821428571429,130.80357142857144,35.99222209061834,3.599222209061834
481.25,129.01785714285714,28.585376059968457,2.8585376059968457
482.5892857142857,125.0,42.35193294868364,4.235193294868364
488.39285714285717,112.5,137.81561643243876,13.781561643243876
482.5892857142857,114.73214285714286,62.18030480885784,6.218030480885784
485.7142857142857,104.46428571428572,107.32870785867235,10.732870785867235
483.03571428571433,103.57142857142858,28.234621965788705,2.8234621965788707
484.8214285714286,92.85714285714286,108.62075946961113,10.862075946961113
483.03571428571433,87.94642857142857,52.253124601426926,5.225312460142693
479.91071428571433,84.82142857142857,44.19417382415922,4.419417382415922
481.25,86.60714285714286,22.321428571428328,2.232142857142833
479.4642857142857,86.16071428571429,18.406721542935898,1.8406721542935898
479.4642857142857,86.16071428571429,0.0,0.0
480.80357142857144,92.85714285714286,68.29043991418908,6.829043991418908
472.3214285714286,90.17857142857143,88.95026270165725,8.895026270165726
466.0714285714286,87.94642857142857,66.36637833624334,6.636637833624334
469.64285714285717,89.73214285714286,39.92978531249613,3.992978531249613
467.41071428571433,86.60714285714286,38.4032377992973,3.8403237799297303
463.8392857142857,87.05357142857143,35.992222090618924,3.5992222090618924
462.5,87.5,14.117310982894622,1.4117310982894622
463.8392857142857,83.48214285714286,42.35193294868364,4.235193294868364
465.17857142857144,83.92857142857143,14.117310982894622,1.4117310982894622
468.75,82.14285714285715,39.92978531249606,3.992978531249606
470.0892857142857,81.25,16.096211051178646,1.6096211051178646
475.0,82.14285714285715,49.91223164062025,4.991223164062025
479.91071428571433,84.82142857142857,55.93733967027567,5.593733967027567
483.4821428571429,91.96428571428572,79.8595706249925,7.98595706249925
480.80357142857144,94.64285714285715,37.88072042070803,3.788072042070803
478.5714285714286,91.51785714285715,38.4032377992973,3.8403237799297303
481.25,86.60714285714286,55.93733967027516,5.593733967027516
483.4821428571429,87.05357142857143,22.763479971396674,2.276347997139667
487.9464285714286,89.73214285714286,52.062070489690264,5.206207048969026
479.91071428571433,92.41071428571429,84.70386589736724,8.470386589736723
478.125,91.96428571428572,18.406721542936452,1.8406721542936453
481.25,87.94642857142857,50.90068862049731,5.090068862049732
484.8214285714286,80.80357142857143,79.85957062499263,7.985957062499263
487.5,83.92857142857143,41.15868061291441,4.115868061291441
485.26785714285717,86.60714285714286,34.86718605315457,3.486718605315457
481.6964285714286,86.60714285714286,35.71428571428555,3.571428571428555
482.5892857142857,92.85714285714286,63.13453403451312,6.313453403451312
480.80357142857144,99.10714285714286,65.00098115429032,6.500098115429031
483.03571428571433,103.125,45.9626345579778,4.59626345579778
486.16071428571433,107.14285714285715,50.90068862049731,5.090068862049732
482.5892857142857,107.58928571428572,35.992222090618924,3.5992222090618924
486.16071428571433,118.30357142857143,112.93848786315647,11.293848786315646
487.05357142857144,123.21428571428572,49.912231640620305,4.99122316406203
482.14285714285717,123.21428571428572,49.107142857142776,4.910714285714278
484.8214285714286,127.23214285714286,48.28863315353563,4.828863315353563
483.03571428571433,132.58928571428572,56.46924393157821,5.646924393157821
481.25,137.94642857142858,56.4692439315784,5.64692439315784
479.4642857142857,142.4107142857143,48.08182863512955,4.808182863512955
475.4464285714286,145.5357142857143,50.90068862049697,5.090068862049697
471.875,149.10714285714286,50.50762722761071,5.050762722761071
461.16071428571433,158.0357142857143,139.46874421261856,13.946874421261857
457.5892857142857,165.17857142857144,79.85957062499263,7.985957062499263
457.5892857142857,169.19642857142858,40.17857142857139,4.017857142857139
456.6964285714286,166.51785714285714,28.234621965789152,2.823462196578915
457.14285714285717,169.64285714285714,31.56726701725656,3.156726701725656
454.4642857142857,169.19642857142858,27.1551898674029,2.71551898674029
446.42857142857144,166.51785714285714,84.70386589736728,8.470386589736728
447.76785714285717,169.64285714285714,33.998987079749625,3.3998987079749625
454.01785714285717,170.08928571428572,62.65923592686697,6.265923592686697
464.28571428571433,173.21428571428572,107.32870785867263,10.732870785867263
466.9642857142857,172.32142857142858,28.234621965788705,2.8234621965788707
459.8214285714286,172.76785714285714,71.56794438339875,7.156794438339875
457.14285714285717,170.08928571428572,37.88072042070793,3.788072042070793
452.67857142857144,170.98214285714286,45.52695994279279,4.552695994279279
452.67857142857144,170.98214285714286,0.0,0.0
437.5,173.6607142857143,154.13104019314366,15.413104019314366
437.5,173.6607142857143,0.0,0.0
429.01785714285717,170.5357142857143,90.39489612194882,9.039489612194881
429.01785714285717,170.5357142857143,0.0,0.0
438.39285714285717,170.5357142857143,93.75,9.375
443.30357142857144,169.64285714285714,49.91223164062027,4.991223164062027
448.2142857142857,169.19642857142858,49.30964739815732,4.930964739815732
450.89285714285717,169.64285714285714,27.1551898674029,2.71551898674029
454.91071428571433,167.85714285714286,43.96811518658994,4.3968115186589944
458.4821428571429,164.73214285714286,47.45600809256528,4.745600809256528
457.5892857142857,168.75,41.15868061291469,4.115868061291469
459.375,165.625,35.99222209061848,3.5992222090618484
458.03571428571433,165.17857142857144,14.117310982894036,1.4117310982894036
454.01785714285717,165.17857142857144,40.17857142857167,4.017857142857167
454.91071428571433,164.2857142857143,12.626906806902777,1.2626906806902778
456.6964285714286,158.92857142857144,56.46924393157821,5.646924393157821
459.375,159.375,27.15518986740234,2.715518986740234
463.39285714285717,161.60714285714286,45.962634557977914,4.596263455797791
465.625,164.2857142857143,34.867186053154676,3.4867186053154677
470.9821428571429,167.85714285714286,64.38484420471427,6.438484420471427
476.3392857142857,170.08928571428572,58.03571428571408,5.8035714285714075
474.55357142857144,171.875,25.253813613805153,2.525381361380515
476.78571428571433,171.42857142857144,22.76347997139665,2.276347997139665
479.4642857142857,166.96428571428572,52.06207048969004,5.206207048969004
475.4464285714286,164.2857142857143,48.28863315353524,4.828863315353524
477.67857142857144,165.17857142857144,24.040914317564507,2.404091431756451
483.03571428571433,157.58928571428572,92.89576806555745,9.289576806555745
484.375,150.44642857142858,72.67330623258785,7.267330623258784
486.6071428571429,149.10714285714286,26.031035244845413,2.603103524484541
481.6964285714286,149.55357142857144,49.309647398157345,4.930964739815734
478.5714285714286,147.32142857142858,38.403237799297465,3.8403237799297463
480.3571428571429,145.08928571428572,28.585376059968056,2.8585376059968057
480.80357142857144,145.08928571428572,4.464285714285552,0.4464285714285552
479.91071428571433,149.10714285714286,41.158680612914566,4.115868061291456
481.6964285714286,144.64285714285714,48.08182863512955,4.808182863512955
481.25,143.75,9.982446328124206,0.9982446328124206
483.92857142857144,143.30357142857144,27.1551898674029,2.71551898674029
488.8392857142857,145.08928571428572,52.25312460142679,5.225312460142679
484.8214285714286,145.98214285714286,41.158680612914345,4.115868061291435
486.16071428571433,144.19642857142858,22.321428571428555,2.2321428571428554
479.91071428571433,143.75,62.65923592686697,6.265923592686697
478.5714285714286,144.64285714285714,16.096211051178567,1.6096211051178568
477.2321428571429,145.98214285714286,18.940360210354065,1.8940360210354066
468.30357142857144,152.23214285714286,108.98710371190819,10.89871037119082
463.39285714285717,159.375,86.68074928101599,8.6680749281016
462.5,161.1607142857143,19.964892656248413,1.9964892656248412
460.7142857142857,164.73214285714286,39.92978531249606,3.992978531249606
462.05357142857144,168.75,42.35193294868364,4.235193294868364
469.64285714285717,172.76785714285714,85.87225027531855,8.587225027531854
466.0714285714286,171.875,36.813443085871796,3.6813443085871795
473.2142857142857,173.6607142857143,73.62688617174366,7.362688617174366
475.89285714285717,172.76785714285714,28.234621965789334,2.8234621965789333
483.03571428571433,172.76785714285714,71.42857142857167,7.142857142857167
480.3571428571429,173.6607142857143,28.234621965789334,2.8234621965789333
480.80357142857144,170.08928571428572,35.992222090618625,3.5992222090618626
479.01785714285717,166.51785714285714,39.929785312496314,3.9929785312496313
477.67857142857144,163.83928571428572,29.947338984372113,2.9947338984372114
477.2321428571429,160.26785714285714,35.992222090618625,3.5992222090618626
478.5714285714286,154.9107142857143,55.22016462880774,5.5220164628807735
479.01785714285717,151.33928571428572,35.992222090618625,3.5992222090618626
480.80357142857144,150.89285714285714,18.406721542935934,1.8406721542935933
