"X, Y, Velocity, Distance"
132.87671232876713,194.52054794520546,0.0001,0.0001
140.18264840182647,198.63013698630135,83.82447374742365,8.382447374742366
151.1415525114155,200.9132420091324,111.94201527060515,11.194201527060516
162.10045662100455,205.4794520547945,118.72146118721463,11.872146118721464
166.66666666666666,205.0228310502283,45.88984301881688,4.5889843018816885
175.34246575342465,208.21917808219177,92.45870653569222,9.245870653569222
176.71232876712327,205.93607305936072,26.625351118015026,2.6625351118015024
184.01826484018264,204.5662100456621,74.33251413744166,7.433251413744166
198.63013698630135,200.0,153.08725675105208,15.308725675105208
204.1095890410959,197.71689497716895,59.36073059360745,5.936073059360745
210.50228310502283,199.08675799086757,65.37817837112486,6.537817837112486
220.09132420091322,199.54337899543378,95.99906868323562,9.599906868323561
231.50684931506848,209.5890410958904,152.06233612188777,15.206233612188777
237.4429223744292,210.50228310502283,60.059116155095396,6.00591161550954
240.18264840182647,212.32876712328766,32.92740890834697,3.292740890834697
239.26940639269404,208.675799086758,37.6539326540425,3.76539326540425
241.5525114155251,208.21917808219177,23.283194125994473,2.3283194125994475
241.5525114155251,208.21917808219177,0.0,0.0
227.8538812785388,203.19634703196346,145.90452336685334,14.590452336685335
218.7214611872146,200.0,96.75625616628808,9.675625616628809
210.0456621004566,196.3470319634703,94.13483163510648,9.413483163510648
201.82648401826484,192.2374429223744,91.8932045547858,9.18932045547858
193.15068493150685,188.12785388127853,95.99906868323578,9.599906868323577
186.7579908675799,182.1917808219178,87.23732043170222,8.723732043170221
179.90867579908675,180.36529680365297,70.88664244867593,7.0886642448675925
170.77625570776254,177.16894977168948,96.75625616628818,9.675625616628817
163.47031963470317,170.77625570776254,97.07895719392381,9.707895719392381
155.2511415525114,166.21004566210044,94.02401955239264,9.402401955239265
143.83561643835617,161.64383561643834,122.9489681994177,12.294896819941771
143.37899543378995,156.62100456621005,50.435438434644844,5.043543843464485
134.24657534246575,152.05479452054794,102.10356061642881,10.21035606164288
121.91780821917807,147.48858447488584,131.47196391678517,13.147196391678516
117.80821917808218,139.26940639269407,91.8932045547858,9.18932045547858
115.06849315068493,139.72602739726025,27.775171371224644,2.7775171371224645
112.32876712328766,136.986301369863,38.745577051317575,3.8745577051317577
112.32876712328766,136.986301369863,0.0,0.0
115.06849315068493,131.9634703196347,57.21444788192554,5.721444788192554
128.76712328767124,135.61643835616437,141.77328489735186,14.177328489735185
134.24657534246575,134.70319634703196,55.55034274244933,5.5550342742449335
146.5753424657534,140.63926940639269,136.8340097148099,13.683400971480989
152.05479452054794,142.92237442922374,59.36073059360745,5.936073059360745
162.55707762557077,145.2054794520548,107.47582005424488,10.747582005424487
175.34246575342465,150.2283105022831,137.3662918401034,13.73662918401034
178.53881278538813,149.31506849315068,33.24251090995686,3.3242510909956864
187.6712328767123,151.59817351598173,94.13483163510618,9.413483163510618
195.8904109589041,154.337899543379,86.6377441142024,8.66377441142024
206.84931506849313,155.70776255707761,110.44188696299355,11.044188696299354
210.0456621004566,167.12328767123287,118.54570763239435,11.854570763239435
204.5662100456621,165.29680365296804,57.75849607613464,5.775849607613464
204.5662100456621,162.55707762557077,27.397260273972677,2.7397260273972677
194.06392694063925,160.27397260273972,107.47582005424516,10.747582005424515
188.12785388127853,156.16438356164383,72.19812009516839,7.219812009516839
176.71232876712327,152.05479452054794,121.32721694599478,12.132721694599478
173.97260273972603,147.94520547945206,49.39111336252026,4.939111336252026
168.03652968036528,144.29223744292236,69.70017133549685,6.9700171335496846
159.3607305936073,142.0091324200913,89.71179317072374,8.971179317072373
152.05479452054794,138.81278538812785,79.74543012133758,7.974543012133758
149.7716894977169,139.26940639269407,23.283194125994473,2.3283194125994475
138.81278538812785,137.89954337899542,110.44188696299386,11.044188696299386
128.76712328767124,136.5296803652968,101.38631648938124,10.138631648938125
129.22374429223743,138.35616438356163,18.826966327021182,1.8826966327021182
130.59360730593608,136.5296803652968,22.831050228310573,2.2831050228310574
126.48401826484017,133.78995433789953,49.391113362520535,4.939111336252053
116.89497716894977,134.24657534246575,95.99906868323576,9.599906868323576
113.24200913242008,132.87671232876713,39.01371573204353,3.901371573204353
109.13242009132419,140.18264840182647,83.82447374742365,8.382447374742366
109.13242009132419,140.18264840182647,0.0,0.0
117.35159817351598,141.0958904109589,82.69758117020481,8.269758117020482
125.11415525114154,142.92237442922374,79.74543012133768,7.9745430121337675
133.78995433789953,142.92237442922374,86.7579908675799,8.67579908675799
143.37899543378995,145.662100456621,99.72753272987025,9.972753272987024
148.40182648401824,145.2054794520548,50.435438434644844,5.043543843464485
152.51141552511416,148.40182648401824,52.062804799047505,5.20628047990475
161.64383561643834,153.42465753424656,104.2256822877928,10.42256822877928
155.2511415525114,154.79452054794518,65.37817837112486,6.537817837112486
152.51141552511416,154.337899543379,27.775171371224502,2.7775171371224503
142.92237442922374,154.79452054794518,95.99906868323589,9.59990686832359
133.78995433789953,155.70776255707761,91.77968603763377,9.177968603763377
127.39726027397259,154.337899543379,65.37817837112486,6.537817837112486
115.06849315068493,150.6849315068493,128.5856423774312,12.85856423774312
108.21917808219177,149.31506849315068,69.84958237798338,6.984958237798338
98.63013698630137,144.74885844748857,106.20733652614616,10.620733652614616
100.0,138.81278538812785,60.92084047546265,6.0920840475462645
100.0,138.81278538812785,0.0,0.0
102.73972602739725,139.72602739726025,28.879248038067274,2.8879248038067273
106.84931506849314,137.44292237442923,47.01200977619619,4.701200977619619
121.46118721461187,139.26940639269407,147.25584928399184,14.725584928399183
128.31050228310502,138.81278538812785,68.6451889423421,6.864518894234211
138.35616438356163,143.37899543378995,110.34745181364897,11.034745181364897
142.0091324200913,142.46575342465752,37.6539326540425,3.76539326540425
155.2511415525114,148.85844748858446,147.04330765392348,14.704330765392347
161.64383561643834,152.51141552511416,73.62792464199597,7.362792464199598
173.0593607305936,157.99086757990867,126.62488240969907,12.662488240969907
189.49771689497715,170.77625570776254,208.25121919618945,20.825121919618944
194.97716894977168,174.42922374429222,65.85481781669394,6.585481781669394
203.19634703196346,185.84474885844747,140.66595251825905,14.066595251825905
203.19634703196346,185.84474885844747,0.0,0.0
198.17351598173514,194.52054794520546,100.24885114200985,10.024885114200986
194.52054794520546,197.26027397260273,45.662100456620976,4.566210045662098
184.01826484018264,194.06392694063925,109.7791349787334,10.97791349787334
177.6255707762557,191.7808219178082,67.88159245350914,6.788159245350914
167.5799086757991,189.49771689497715,103.01839427103623,10.301839427103623
160.73059360730593,184.93150684931507,82.31852227086722,8.231852227086723
154.337899543379,181.7351598173516,71.47249243150017,7.147249243150017
144.74885844748857,178.53881278538813,101.07736813323592,10.107736813323593
137.89954337899542,175.34246575342465,75.58422537555649,7.558422537555648
132.87671232876713,172.14611872146116,59.536095024681636,5.953609502468163
132.87671232876713,172.14611872146116,0.0,0.0
112.78538812785388,157.99086757990867,245.77071490041806,24.577071490041806
118.2648401826484,155.2511415525114,61.26213636985729,6.126213636985729
101.82648401826484,140.63926940639269,219.93780052588664,21.993780052588665
106.39269406392694,139.72602739726025,46.56638825198895,4.656638825198895
107.76255707762556,139.26940639269407,14.439624019033525,1.4439624019033526
110.95890410958903,135.61643835616437,48.53947859696201,4.853947859696201
115.98173515981735,134.24657534246575,52.06280479904745,5.206280479904745
126.94063926940639,137.44292237442923,114.15525114155255,11.415525114155255
139.72602739726025,138.81278538812785,128.58564237743107,12.858564237743106
151.1415525114155,144.74885844748857,128.6666922703687,12.866669227036871
149.7716894977169,142.92237442922374,22.8310502283104,2.28310502283104
163.47031963470317,148.40182648401824,147.53876183930126,14.753876183930126
176.71232876712327,154.337899543379,145.1164254070385,14.51164254070385
190.8675799086758,158.9041095890411,148.73513675709907,14.873513675709907
195.4337899543379,159.3607305936073,45.889843018816855,4.588984301881686
209.5890410958904,168.03652968036528,166.02428276436373,16.602428276436374
209.5890410958904,168.03652968036528,0.0,0.0
224.2009132420091,180.36529680365297,191.18193073477926,19.118193073477926
219.17808219178082,192.2374429223744,128.90953619628385,12.890953619628386
215.06849315068493,191.324200913242,42.09837651731905,4.209837651731905
209.5890410958904,191.324200913242,54.79452054794535,5.479452054794535
200.4566210045662,190.41095890410958,91.77968603763377,9.177968603763377
193.60730593607306,189.95433789954336,68.6451889423418,6.86451889423418
186.3013698630137,188.12785388127853,75.30786530808521,7.530786530808522
179.45205479452054,186.7579908675799,69.84958237798338,6.984958237798338
178.08219178082192,184.93150684931507,22.8310502283104,2.28310502283104
168.9497716894977,184.47488584474885,91.43828490639633,9.143828490639633
168.4931506849315,184.47488584474885,4.56621004566216,0.456621004566216
162.10045662100455,183.56164383561642,64.57596175219612,6.457596175219612
157.53424657534245,182.1917808219178,47.672632460778765,4.767263246077876
153.88127853881278,180.36529680365297,40.8414242465714,4.08414242465714
146.1187214611872,181.27853881278537,78.16092588412658,7.816092588412658
146.1187214611872,181.27853881278537,0.0,0.0
138.81278538812785,185.84474885844747,86.15507883156701,8.6155078831567
138.81278538812785,185.84474885844747,0.0,0.0
138.81278538812785,185.84474885844747,0.0,0.0
126.94063926940639,187.21461187214612,119.50915368312695,11.950915368312696
126.94063926940639,187.21461187214612,0.0,0.0
126.02739726027397,188.58447488584474,16.463704454173367,1.6463704454173367
126.02739726027397,188.58447488584474,0.0,0.0
122.8310502283105,188.12785388127853,32.28798087609806,3.228798087609806
122.8310502283105,188.12785388127853,0.0,0.0
116.43835616438355,191.324200913242,71.4724924315003,7.14724924315003
116.43835616438355,191.324200913242,0.0,0.0
113.6986301369863,190.41095890410958,28.879248038067363,2.887924803806736
110.04566210045661,192.2374429223744,40.84142424657153,4.084142424657153
101.36986301369862,190.8675799086758,87.83280393457233,8.783280393457233
101.36986301369862,190.8675799086758,0.0,0.0
102.73972602739725,189.95433789954336,16.463704454173563,1.6463704454173562
102.73972602739725,189.95433789954336,0.0,0.0
102.73972602739725,189.95433789954336,0.0,0.0
98.63013698630137,201.36986301369862,121.32721694599478,12.132721694599478
98.63013698630137,201.36986301369862,0.0,0.0
103.65296803652967,202.28310502283105,51.05178030821435,5.105178030821435
103.65296803652967,202.28310502283105,0.0,0.0
109.58904109589041,199.54337899543378,65.37817837112499,6.537817837112499
118.2648401826484,201.36986301369862,88.65976182167852,8.865976182167852
118.2648401826484,201.36986301369862,0.0,0.0
133.33333333333331,199.08675799086757,152.40474217606044,15.240474217606044
133.33333333333331,199.08675799086757,0.0,0.0
131.05022831050226,201.36986301369862,32.28798087609808,3.228798087609808
131.05022831050226,201.36986301369862,0.0,0.0
134.70319634703196,203.19634703196346,40.841424246571655,4.084142424657165
138.35616438356163,202.28310502283105,37.653932654042436,3.7653932654042435
131.9634703196347,200.0,67.88159245350914,6.788159245350914
128.76712328767124,196.80365296803652,45.203173226537274,4.520317322653727
128.76712328767124,196.80365296803652,0.0,0.0
122.8310502283105,200.9132420091324,72.19812009516852,7.219812009516852
120.09132420091323,201.36986301369862,27.77517137122483,2.7775171371224827
121.00456621004565,197.26027397260273,42.09837651731908,4.209837651731908
118.7214611872146,199.54337899543378,32.28798087609808,3.228798087609808
110.95890410958903,197.71689497716895,79.74543012133782,7.974543012133782
110.04566210045661,193.15068493150685,46.566388251988926,4.656638825198892
111.87214611872146,190.8675799086758,29.23801021658842,2.923801021658842
117.80821917808218,189.95433789954336,60.059116155095396,6.00591161550954
123.74429223744292,189.49771689497715,59.53609502468179,5.953609502468179
130.13698630136986,187.6712328767123,66.48502181991338,6.648502181991338
138.81278538812785,188.58447488584474,87.23732043170229,8.723732043170228
146.1187214611872,192.69406392694063,83.82447374742365,8.382447374742366
150.2283105022831,189.95433789954336,49.391113362520656,4.939111336252066
162.55707762557077,193.15068493150685,127.36370484914472,12.736370484914472
165.29680365296804,189.95433789954336,42.09837651731927,4.2098376517319265
165.29680365296804,189.95433789954336,0.0,0.0
173.0593607305936,190.8675799086758,78.16092588412633,7.816092588412633
175.79908675799086,198.17351598173514,78.02743146408689,7.802743146408689
175.79908675799086,190.8675799086758,73.05936073059343,7.305936073059343
177.6255707762557,187.21461187214612,40.8414242465714,4.08414242465714
169.86301369863014,184.47488584474885,82.31852227086725,8.231852227086724
166.21004566210044,183.1050228310502,39.013715732043764,3.9013715732043766
161.64383561643834,183.1050228310502,45.66210045662103,4.566210045662103
152.51141552511416,185.38812785388126,94.13483163510618,9.413483163510618
153.42465753424656,183.56164383561642,20.420712123285636,2.0420712123285636
148.85844748858446,183.56164383561642,45.66210045662103,4.566210045662103
144.29223744292236,183.56164383561642,45.66210045662103,4.566210045662103
142.46575342465752,181.27853881278537,29.238010216588332,2.923801021658833
141.55251141552512,180.82191780821915,10.210356061642756,1.0210356061642756
129.68036529680364,181.27853881278537,118.80924046810686,11.880924046810687
131.9634703196347,179.45205479452054,29.238010216588332,2.923801021658833
123.74429223744292,177.16894977168948,85.30384334369586,8.530384334369586
133.33333333333331,174.88584474885843,98.57092760238751,9.857092760238752
120.54794520547945,165.75342465753423,157.1200962016917,15.71200962016917
119.63470319634702,170.31963470319633,46.56638825198895,4.656638825198895
118.2648401826484,166.66666666666666,39.013715732043394,3.9013715732043392
119.63470319634702,164.3835616438356,26.625351118015026,2.6625351118015024
121.00456621004565,162.10045662100455,26.6253511180151,2.66253511180151
131.9634703196347,163.9269406392694,111.10068548489899,11.110068548489899
135.15981735159818,159.8173515981735,52.06280479904745,5.206280479904745
135.61643835616437,162.55707762557077,27.775171371224783,2.7775171371224783
142.92237442922374,157.53424657534245,88.65976182167867,8.865976182167866
145.2054794520548,154.79452054794518,35.663240529254196,3.5663240529254194
150.6849315068493,154.79452054794518,54.79452054794507,5.479452054794507
167.12328767123287,148.85844748858446,174.7731434612297,17.47731434612297
167.12328767123287,150.2283105022831,13.69863013698648,1.369863013698648
162.55707762557077,152.96803652968035,53.25070223603005,5.325070223603005
162.55707762557077,152.96803652968035,0.0,0.0
163.47031963470317,139.26940639269407,137.2903778846839,13.72903778846839
163.47031963470317,139.26940639269407,0.0,0.0
152.51141552511416,142.0091324200913,112.96179796212738,11.296179796212737
152.05479452054794,133.78995433789953,82.31852227086728,8.231852227086728
147.03196347031962,141.0958904109589,88.65976182167867,8.865976182167866
144.29223744292236,139.26940639269407,32.92740890834697,3.292740890834697
134.70319634703196,142.92237442922374,102.61280846686844,10.261280846686844
131.05022831050226,141.0958904109589,40.841424246571655,4.084142424657165
131.50684931506848,138.81278538812785,23.283194125994473,2.3283194125994475
121.46118721461187,142.0091324200913,105.41914502844912,10.541914502844913
116.89497716894977,136.986301369863,67.88159245350903,6.7881592453509025
115.06849315068493,139.26940639269407,29.238010216588332,2.923801021658833
107.76255707762556,140.18264840182647,73.62792464199596,7.362792464199596
109.58904109589041,139.26940639269407,20.420712123285764,2.0420712123285765
103.65296803652967,143.37899543378995,72.19812009516852,7.219812009516852
103.65296803652967,143.37899543378995,0.0,0.0
101.82648401826484,140.18264840182647,36.81396232099804,3.6813962320998037
101.82648401826484,140.18264840182647,0.0,0.0
108.21917808219177,138.35616438356163,66.48502181991338,6.648502181991338
113.24200913242008,134.70319634703196,62.10717127276448,6.210717127276448
109.58904109589041,133.78995433789953,37.6539326540425,3.76539326540425
118.7214611872146,132.87671232876713,91.7796860376336,9.17796860376336
123.2876712328767,130.59360730593608,51.051780308214404,5.10517803082144
128.76712328767124,125.11415525114154,77.49115410263555,7.749115410263554
135.15981735159818,127.39726027397259,67.88159245350914,6.788159245350914
141.0958904109589,129.22374429223743,62.1071712727645,6.21071712727645
143.37899543378995,128.31050228310502,24.58979363988353,2.458979363988353
144.74885844748857,123.74429223744292,47.672632460778765,4.767263246077876
144.74885844748857,123.74429223744292,0.0,0.0
148.40182648401824,135.15981735159818,119.85757761102002,11.985757761102002
148.40182648401824,135.15981735159818,0.0,0.0
152.51141552511416,143.37899543378995,91.89320455478592,9.189320455478592
155.2511415525114,147.03196347031962,45.6621004566208,4.56621004566208
155.2511415525114,147.03196347031962,0.0,0.0
151.1415525114155,149.7716894977169,49.391113362520414,4.939111336252042
152.05479452054794,148.40182648401824,16.463704454173683,1.6463704454173684
143.37899543378995,152.51141552511416,95.9990686832359,9.59990686832359
143.37899543378995,152.51141552511416,0.0,0.0
139.72602739726025,151.1415525114155,39.013715732043764,3.9013715732043766
139.72602739726025,151.1415525114155,0.0,0.0
133.78995433789953,152.05479452054794,60.059116155095396,6.00591161550954
138.81278538812785,150.6849315068493,52.06280479904753,5.206280479904753
127.85388127853881,152.96803652968035,111.94201527060515,11.194201527060516
126.02739726027397,149.31506849315068,40.8414242465714,4.08414242465714
122.37442922374429,151.59817351598173,43.07753941578363,4.307753941578364
108.67579908675799,155.2511415525114,141.77328489735174,14.177328489735174
106.39269406392694,146.1187214611872,94.13483163510645,9.413483163510644
106.39269406392694,146.1187214611872,0.0,0.0
115.06849315068493,156.16438356164383,132.7346288013575,13.27346288013575
118.2648401826484,152.51141552511416,48.53947859696179,4.853947859696179
130.59360730593608,154.79452054794518,125.38383760498613,12.538383760498613
130.13698630136986,150.2283105022831,45.889843018816606,4.588984301881661
143.37899543378995,154.79452054794518,140.07179589203616,14.007179589203616
141.0958904109589,155.2511415525114,23.283194125994473,2.3283194125994475
147.94520547945206,153.42465753424656,70.88664244867593,7.0886642448675925
150.6849315068493,153.88127853881278,27.77517137122455,2.7775171371224547
159.8173515981735,157.53424657534245,98.35917455953432,9.835917455953432
164.3835616438356,163.47031963470317,74.89141309066993,7.4891413090669925
165.29680365296804,159.3607305936073,42.09837651731912,4.209837651731911
170.77625570776254,164.84018264840182,77.49115410263535,7.749115410263535
178.99543378995432,167.12328767123287,85.30384334369586,8.530384334369586
178.99543378995432,166.66666666666666,4.56621004566216,0.456621004566216
184.93150684931507,168.9497716894977,63.599946471160564,6.359994647116056
202.28310502283105,176.71232876712327,190.08820362099218,19.008820362099218
213.24200913242007,181.7351598173516,120.55140440588185,12.055140440588186
203.19634703196346,178.08219178082192,106.89223662757635,10.689223662757636
208.21917808219177,180.36529680365297,55.173725906824615,5.517372590682461
211.87214611872145,181.7351598173516,39.013715732043394,3.9013715732043392
211.87214611872145,181.7351598173516,0.0,0.0
221.00456621004565,187.21461187214612,106.5014044720604,10.65014044720604
224.65753424657532,189.49771689497715,43.077539415783356,4.307753941578335
226.02739726027397,189.04109589041096,14.439624019033793,1.4439624019033794
233.78995433789953,192.69406392694063,85.79129784500412,8.579129784500413
235.61643835616437,195.4337899543379,32.92740890834697,3.292740890834697
233.33333333333331,194.06392694063925,26.625351118015175,2.6625351118015175
241.5525114155251,199.08675799086757,96.32430643711865,9.632430643711865
241.5525114155251,200.4566210045662,13.698630136986196,1.3698630136986196
241.0958904109589,200.4566210045662,4.566210045661876,0.4566210045661876
247.03196347031962,204.1095890410959,69.7001713354966,6.970017133549661
239.72602739726025,201.82648401826484,76.54362837552617,7.6543628375526165
239.72602739726025,201.82648401826484,0.0,0.0
239.72602739726025,210.0456621004566,82.19178082191775,8.219178082191775
236.986301369863,209.5890410958904,27.77517137122455,2.7775171371224547
226.94063926940638,211.41552511415523,102.10356061642892,10.210356061642893
225.57077625570776,209.13242009132418,26.625351118015026,2.6625351118015024
219.17808219178082,212.78538812785388,73.62792464199597,7.362792464199598
222.37442922374427,207.30593607305934,63.43581730342382,6.343581730342382
230.13698630136986,210.95890410958904,85.79129784500451,8.57912978450045
230.13698630136986,208.675799086758,22.831050228310517,2.2831050228310517
230.13698630136986,208.675799086758,0.0,0.0
224.2009132420091,207.76255707762556,60.05911615509568,6.005911615509568
219.63470319634703,206.39269406392694,47.67263246077849,4.767263246077849
213.69863013698628,202.28310502283105,72.19812009516863,7.219812009516863
201.82648401826484,206.84931506849313,127.19989294232049,12.719989294232048
200.0,203.19634703196346,40.8414242465714,4.08414242465714
190.8675799086758,206.84931506849313,98.35917455953432,9.835917455953432
188.58447488584474,204.5662100456621,32.287980876097876,3.2287980876097877
180.82191780821915,204.1095890410959,77.75975509555451,7.775975509555451
176.71232876712327,202.28310502283105,44.971953432858875,4.497195343285887
167.12328767123287,203.65296803652967,96.863942628294,9.686394262829399
167.12328767123287,203.65296803652967,0.0,0.0
163.9269406392694,201.82648401826484,36.81396232099804,3.6813962320998037
157.07762557077623,200.4566210045662,69.84958237798342,6.984958237798343
152.51141552511416,199.54337899543378,46.56638825198862,4.656638825198862
143.37899543378995,202.28310502283105,95.34526492155761,9.534526492155761
142.92237442922374,200.4566210045662,18.826966327021527,1.8826966327021526
135.15981735159818,201.36986301369862,78.16092588412633,7.816092588412633
132.4200913242009,197.71689497716895,45.662100456620976,4.566210045662098
125.11415525114154,200.9132420091324,79.74543012133785,7.974543012133784
121.46118721461187,200.0,37.653932654042436,3.7653932654042435
108.67579908675799,200.9132420091324,128.1796241791616,12.81796241791616
108.67579908675799,200.9132420091324,0.0,0.0
108.67579908675799,200.9132420091324,0.0,0.0
108.21917808219177,202.28310502283105,14.439624019033884,1.4439624019033883
112.32876712328766,200.0,47.01200977619632,4.701200977619632
115.06849315068493,197.71689497716895,35.663240529254196,3.5663240529254194
118.7214611872146,195.8904109589041,40.8414242465714,4.08414242465714
134.24657534246575,190.8675799086758,163.17414050416113,16.31741405041611
127.39726027397259,190.8675799086758,68.49315068493155,6.849315068493155
127.39726027397259,186.3013698630137,45.66210045662103,4.566210045662103
128.76712328767124,185.38812785388126,16.463704454173683,1.6463704454173684
128.76712328767124,185.38812785388126,0.0,0.0
123.2876712328767,178.53881278538813,87.71403064976495,8.771403064976495
122.37442922374429,176.71232876712327,20.420712123285956,2.0420712123285956
121.00456621004565,173.5159817351598,34.77521966147891,3.477521966147891
107.76255707762556,170.31963470319633,136.22314054955527,13.622314054955527
107.76255707762556,170.31963470319633,0.0,0.0
105.93607305936072,173.0593607305936,32.92740890834697,3.292740890834697
115.52511415525113,164.84018264840182,126.29512955195729,12.629512955195729
117.35159817351598,162.55707762557077,29.23801021658842,2.923801021658842
120.09132420091323,161.64383561643834,28.879248038067363,2.887924803806736
125.11415525114154,158.44748858447488,59.5360950246816,5.95360950246816
136.07305936073058,162.55707762557077,117.04114719613057,11.704114719613056
136.07305936073058,162.55707762557077,0.0,0.0
141.0958904109589,161.18721461187215,52.06280479904745,5.206280479904745
146.5753424657534,161.18721461187215,54.79452054794507,5.479452054794507
155.70776255707761,165.29680365296804,100.1448045637503,10.01448045637503
155.70776255707761,165.29680365296804,0.0,0.0
159.3607305936073,163.9269406392694,39.013715732043494,3.9013715732043495
159.3607305936073,163.9269406392694,0.0,0.0
163.013698630137,157.99086757990867,69.7001713354966,6.970017133549661
163.013698630137,152.96803652968035,50.22831050228319,5.022831050228319
159.3607305936073,148.85844748858446,54.984450131471775,5.498445013147178
157.99086757990867,143.83561643835617,52.06280479904718,5.206280479904718
153.88127853881278,142.0091324200913,44.971953432858996,4.4971953432859
157.99086757990867,140.63926940639269,43.318872057101025,4.331887205710102
150.6849315068493,137.44292237442923,79.74543012133785,7.974543012133784
142.46575342465752,134.24657534246575,88.18816399921444,8.818816399921444
134.70319634703196,136.07305936073058,79.74543012133768,7.9745430121337675
123.2876712328767,139.72602739726025,119.85757761102002,11.985757761102002
123.2876712328767,139.72602739726025,0.0,0.0
120.09132420091323,136.986301369863,42.098376517318975,4.209837651731897
123.2876712328767,139.72602739726025,42.098376517318975,4.209837651731897
132.4200913242009,144.29223744292236,102.10356061642881,10.21035606164288
130.13698630136986,138.81278538812785,59.36073059360719,5.9360730593607185
138.81278538812785,147.03196347031962,119.5091536831269,11.950915368312689
136.07305936073058,145.2054794520548,32.92740890834697,3.292740890834697
139.72602739726025,142.92237442922374,43.077539415783505,4.30775394157835
127.85388127853881,141.55251141552512,119.50915368312678,11.950915368312678
133.78995433789953,141.0958904109589,59.53609502468165,5.953609502468165
128.76712328767124,141.0958904109589,50.22831050228291,5.022831050228291
124.20091324200912,136.07305936073058,67.88159245350933,6.788159245350933
130.13698630136986,133.78995433789953,63.59994647116043,6.359994647116043
120.09132420091323,137.44292237442923,106.8922366275766,10.689223662757659
120.09132420091323,137.44292237442923,0.0,0.0
120.09132420091323,137.44292237442923,0.0,0.0
112.32876712328766,138.35616438356163,78.16092588412643,7.816092588412642
112.32876712328766,138.35616438356163,0.0,0.0
108.21917808219177,137.44292237442923,42.09837651731905,4.209837651731905
108.21917808219177,134.24657534246575,31.963470319634837,3.1963470319634837
108.21917808219177,134.24657534246575,0.0,0.0
102.28310502283105,134.70319634703196,59.53609502468165,5.953609502468165
102.28310502283105,134.70319634703196,0.0,0.0
105.0228310502283,135.61643835616437,28.879248038067274,2.8879248038067273
105.0228310502283,135.61643835616437,0.0,0.0
113.24200913242008,134.24657534246575,83.32551411367416,8.332551411367415
113.24200913242008,134.24657534246575,0.0,0.0
126.02739726027397,136.5296803652968,129.87637126326854,12.987637126326854
128.76712328767124,135.15981735159818,30.631068184928644,3.0631068184928645
141.55251141552512,142.46575342465752,147.25584928399164,14.725584928399163
147.48858447488584,144.74885844748857,63.599946471160294,6.35999464711603
153.88127853881278,147.48858447488584,69.55043932295808,6.955043932295808
153.88127853881278,147.48858447488584,0.0,0.0
156.16438356164383,154.337899543379,72.19812009516852,7.219812009516852
156.62100456621005,161.18721461187215,68.6451889423421,6.864518894234211
168.4931506849315,160.73059360730593,118.80924046810658,11.880924046810659
166.21004566210044,160.73059360730593,22.831050228310517,2.2831050228310517
170.31963470319633,164.3835616438356,54.98445013147158,5.498445013147158
170.31963470319633,164.3835616438356,0.0,0.0
176.25570776255708,168.03652968036528,69.70017133549669,6.9700171335496695
176.25570776255708,168.03652968036528,0.0,0.0
178.53881278538813,169.40639269406392,26.625351118015175,2.6625351118015175
178.53881278538813,169.40639269406392,0.0,0.0
189.49771689497715,174.42922374429222,120.55140440588174,12.055140440588174
189.04109589041096,172.14611872146116,23.28319412599442,2.328319412599442
197.71689497716895,178.08219178082192,105.12204961845983,10.512204961845983
197.71689497716895,178.08219178082192,0.0,0.0
202.73972602739724,180.82191780821915,57.21444788192515,5.721444788192516
207.30593607305934,181.27853881278537,45.88984301881688,4.5889843018816885
205.4794520547945,178.99543378995432,29.238010216588332,2.923801021658833
220.09132420091322,187.21461187214612,167.6489474948477,16.76489474948477
218.7214611872146,185.84474885844747,19.372788525658887,1.9372788525658886
234.70319634703196,192.69406392694063,173.87609830739527,17.387609830739528
222.8310502283105,188.58447488584474,125.63302732600563,12.563302732600564
233.78995433789953,194.52054794520546,124.63327912288747,12.463327912288747
235.61643835616437,192.69406392694063,25.830384700878383,2.583038470087838
240.18264840182647,198.17351598173514,71.32648105850818,7.1326481058508175
240.18264840182647,195.8904109589041,22.831050228310232,2.2831050228310232
247.03196347031962,206.39269406392694,125.38383760498611,12.538383760498611
249.31506849315068,205.4794520547945,24.589793639883634,2.4589793639883633
247.94520547945203,210.0456621004566,47.67263246077884,4.767263246077884
241.0958904109589,210.0456621004566,68.49315068493127,6.8493150684931265
234.70319634703196,209.5890410958904,64.0898120895808,6.40898120895808
235.61643835616437,206.84931506849313,28.87924803806741,2.887924803806741
224.2009132420091,211.87214611872145,124.71689756847191,12.47168975684719
218.7214611872146,210.95890410958904,55.55034274244933,5.5550342742449335
211.87214611872145,210.0456621004566,69.09929657726744,6.909929657726744
208.21917808219177,207.76255707762556,43.077539415783505,4.30775394157835
201.82648401826484,209.13242009132418,65.37817837112486,6.537817837112486
199.08675799086757,207.76255707762556,30.631068184928644,3.0631068184928645
191.7808219178082,209.13242009132418,74.33251413744166,7.433251413744166
189.49771689497715,208.21917808219177,24.58979363988353,2.458979363988353
183.1050228310502,208.675799086758,64.0898120895808,6.40898120895808
178.08219178082192,207.76255707762556,51.051780308214205,5.1051780308214205
172.60273972602738,208.21917808219177,54.984450131471824,5.498445013147182
161.18721461187215,210.0456621004566,115.60720457691451,11.56072045769145
156.62100456621005,210.0456621004566,45.66210045662103,4.566210045662103
151.59817351598173,210.0456621004566,50.22831050228319,5.022831050228319
156.16438356164383,207.76255707762556,51.051780308214404,5.10517803082144
147.94520547945206,208.21917808219177,82.31852227086728,8.231852227086728
142.92237442922374,206.39269406392694,53.446118313788304,5.34461183137883
142.46575342465752,205.4794520547945,10.21035606164301,1.021035606164301
137.44292237442923,204.5662100456621,51.051780308214155,5.105178030821415
136.07305936073058,205.0228310502283,14.439624019033793,1.4439624019033794
131.9634703196347,203.19634703196346,44.971953432858875,4.497195343285887
128.76712328767124,201.82648401826484,34.77521966147886,3.4775219661478856
123.74429223744292,199.54337899543378,55.173725906824615,5.517372590682461
114.61187214611871,198.17351598173514,92.34588317879772,9.234588317879773
105.93607305936072,196.80365296803652,87.83280393457233,8.783280393457233
103.65296803652967,198.17351598173514,26.625351118015026,2.6625351118015024
103.19634703196347,195.8904109589041,23.28319412599417,2.3283194125994173
102.73972602739725,194.52054794520546,14.439624019033884,1.4439624019033883
102.73972602739725,194.52054794520546,0.0,0.0
108.21917808219177,191.324200913242,63.4358173034237,6.34358173034237
110.95890410958903,189.49771689497715,32.92740890834701,3.2927408908347013
120.54794520547945,189.95433789954336,95.9990686832359,9.59990686832359
120.54794520547945,189.95433789954336,0.0,0.0
130.13698630136986,186.7579908675799,101.0773681332358,10.10773681332358
142.46575342465752,185.84474885844747,123.6254463075879,12.362544630758789
150.6849315068493,186.3013698630137,82.31852227086728,8.231852227086728
165.75342465753423,188.58447488584474,152.40474217606058,15.240474217606058
174.42922374429222,192.2374429223744,94.13483163510637,9.413483163510637
183.1050228310502,197.26027397260273,100.24885114200985,10.024885114200986
183.1050228310502,194.97716894977168,22.831050228310517,2.2831050228310517
193.15068493150685,203.19634703196346,129.79607674476625,12.979607674476625
193.15068493150685,203.19634703196346,0.0,0.0
184.93150684931507,203.65296803652967,82.31852227086728,8.231852227086728
181.27853881278537,200.9132420091324,45.662100456621204,4.56621004566212
170.31963470319633,199.08675799086757,111.10068548489899,11.110068548489899
171.23287671232876,196.80365296803652,24.589793639883634,2.4589793639883633
168.03652968036528,193.60730593607306,45.203173226537274,4.520317322653727
160.27397260273972,190.41095890410958,83.9487502778549,8.39487502778549
150.6849315068493,187.21461187214612,101.07736813323592,10.107736813323593
150.6849315068493,187.21461187214612,0.0,0.0
145.662100456621,180.36529680365297,84.93641661067697,8.493641661067697
145.662100456621,180.36529680365297,0.0,0.0
132.4200913242009,172.14611872146116,155.85432114955276,15.585432114955276
132.4200913242009,172.14611872146116,0.0,0.0
132.4200913242009,172.14611872146116,0.0,0.0
133.33333333333331,171.68949771689498,10.210356061642628,1.0210356061642627
133.78995433789953,170.77625570776254,10.21035606164301,1.021035606164301
132.4200913242009,167.12328767123287,39.013715732043394,3.9013715732043392
128.31050228310502,166.66666666666666,41.348790585102336,4.134879058510234
126.94063926940639,168.03652968036528,19.372788525658788,1.9372788525658788
131.9634703196347,161.64383561643834,81.29905851490797,8.129905851490797
131.9634703196347,161.64383561643834,0.0,0.0
124.65753424657534,167.12328767123287,91.32420091324207,9.132420091324207
124.65753424657534,167.12328767123287,0.0,0.0
122.8310502283105,167.12328767123287,18.264840182648356,1.8264840182648356
117.80821917808218,167.12328767123287,50.22831050228319,5.022831050228319
115.52511415525113,164.3835616438356,35.663240529254196,3.5663240529254194
115.52511415525113,164.3835616438356,0.0,0.0
114.15525114155251,174.88584474885843,105.91245209811137,10.591245209811138
112.78538812785388,174.42922374429222,14.439624019033749,1.443962401903375
112.32876712328766,171.23287671232876,32.28798087609792,3.2287980876097917
119.63470319634702,171.23287671232876,73.05936073059357,7.305936073059357
126.02739726027397,171.68949771689498,64.08981208958095,6.408981208958094
129.22374429223743,172.14611872146116,32.287980876097876,3.2287980876097877
141.0958904109589,178.99543378995432,137.06238374249907,13.706238374249907
133.78995433789953,174.42922374429222,86.15507883156727,8.615507883156727
150.6849315068493,185.38812785388126,201.37969928036478,20.137969928036476
154.337899543379,186.3013698630137,37.653932654042784,3.7653932654042785
163.9269406392694,192.2374429223744,112.77706881487168,11.277706881487168
165.75342465753423,191.7808219178082,18.82696632702125,1.882696632702125
178.08219178082192,197.26027397260273,134.915860298577,13.4915860298577
174.88584474885843,197.71689497716895,32.2879808760982,3.22879808760982
183.56164383561642,197.71689497716895,86.7579908675799,8.67579908675799
182.64840182648402,195.8904109589041,20.420712123285636,2.0420712123285636
187.6712328767123,199.54337899543378,62.10717127276437,6.210717127276437
197.71689497716895,199.08675799086757,100.56034495682776,10.056034495682777
198.17351598173514,203.65296803652967,45.889843018816855,4.588984301881686
193.60730593607306,202.73972602739724,46.56638825198867,4.656638825198867
184.93150684931507,200.9132420091324,88.65976182167852,8.865976182167852
174.88584474885843,204.5662100456621,106.89223662757672,10.689223662757673
171.68949771689498,204.5662100456621,31.963470319634553,3.1963470319634553
167.12328767123287,203.19634703196346,47.67263246077884,4.767263246077884
158.9041095890411,201.82648401826484,83.32551411367416,8.332551411367415
153.88127853881278,200.4566210045662,52.06280479904753,5.206280479904753
146.1187214611872,200.4566210045662,77.62557077625587,7.762557077625587
141.55251141552512,199.08675799086757,47.67263246077849,4.767263246077849
137.89954337899542,197.26027397260273,40.841424246571655,4.084142424657165
129.22374429223743,197.26027397260273,86.7579908675799,8.67579908675799
129.22374429223743,197.26027397260273,0.0,0.0
124.65753424657534,198.17351598173514,46.56638825198876,4.656638825198876
119.63470319634702,198.17351598173514,50.22831050228319,5.022831050228319
115.98173515981735,196.3470319634703,40.8414242465714,4.08414242465714
110.50228310502283,194.52054794520546,57.758496076134776,5.775849607613478
105.47945205479452,196.3470319634703,53.446118313788176,5.344611831378818
105.47945205479452,196.3470319634703,0.0,0.0
110.50228310502283,198.17351598173514,53.446118313788176,5.344611831378818
117.35159817351598,198.17351598173514,68.49315068493155,6.849315068493155
126.02739726027397,197.71689497716895,86.87807118922578,8.687807118922578
130.13698630136986,197.26027397260273,41.348790585102336,4.134879058510234
142.0091324200913,195.8904109589041,119.50915368312678,11.950915368312678
143.83561643835617,194.52054794520546,22.8310502283108,2.28310502283108
156.62100456621005,194.52054794520546,127.85388127853878,12.785388127853878
156.62100456621005,194.52054794520546,0.0,0.0
160.73059360730593,194.52054794520546,41.09589041095887,4.109589041095887
170.77625570776254,194.52054794520546,100.4566210045661,10.04566210045661
170.77625570776254,195.4337899543379,9.13242009132432,0.913242009132432
173.0593607305936,192.69406392694063,35.663240529254196,3.5663240529254194
173.97260273972603,192.69406392694063,9.13242009132432,0.913242009132432
182.1917808219178,192.69406392694063,82.19178082191775,8.219178082191775
184.01826484018264,190.8675799086758,25.830384700878383,2.583038470087838
194.06392694063925,191.7808219178082,100.87087686928993,10.087087686928992
193.15068493150685,189.49771689497715,24.58979363988353,2.458979363988353
210.50228310502283,186.7579908675799,175.66560786914465,17.566560786914465
210.50228310502283,186.7579908675799,0.0,0.0
208.675799086758,185.38812785388126,22.831050228310573,2.2831050228310574
205.0228310502283,186.7579908675799,39.013715732043764,3.9013715732043766
200.4566210045662,184.93150684931507,49.17958727976716,4.917958727976716
194.52054794520546,184.47488584474885,59.53609502468165,5.953609502468165
190.41095890410958,182.64840182648402,44.971953432858875,4.497195343285887
183.56164383561642,180.82191780821915,70.88664244867601,7.088664244867601
180.82191780821915,178.53881278538813,35.66324052925401,3.5663240529254012
172.60273972602738,174.88584474885843,89.94390686571788,8.994390686571787
169.40639269406392,168.9497716894977,67.41928338006105,6.741928338006105
152.96803652968035,164.84018264840182,169.44269694319166,16.944269694319168
139.26940639269407,163.47031963470317,137.6695290564504,13.766952905645038
139.26940639269407,163.47031963470317,0.0,0.0
126.94063926940639,163.013698630137,123.37220169960092,12.337220169960093
125.57077625570776,163.47031963470317,14.439624019033658,1.4439624019033659
125.57077625570776,163.47031963470317,0.0,0.0
128.76712328767124,162.10045662100455,34.77521966147911,3.4775219661479113
130.13698630136986,159.8173515981735,26.625351118015026,2.6625351118015024
129.22374429223743,158.44748858447488,16.463704454173445,1.6463704454173445
141.55251141552512,156.62100456621005,124.63327912288769,12.463327912288769
136.5296803652968,157.53424657534245,51.05178030821443,5.105178030821444
143.83561643835617,157.53424657534245,73.05936073059371,7.305936073059371
153.88127853881278,163.47031963470317,116.68431359982304,11.668431359982304
153.88127853881278,163.47031963470317,0.0,0.0
160.27397260273972,169.86301369863014,90.40634645307475,9.040634645307474
163.47031963470317,173.97260273972603,52.06280479904728,5.206280479904728
173.5159817351598,177.16894977168948,105.41914502844939,10.54191450284494
177.16894977168948,175.34246575342465,40.8414242465714,4.08414242465714
181.7351598173516,176.71232876712327,47.672632460778765,4.767263246077876
181.7351598173516,176.71232876712327,0.0,0.0
181.27853881278537,180.36529680365297,36.813962320998144,3.6813962320998144
178.53881278538813,179.90867579908675,27.77517137122455,2.7775171371224547
180.36529680365297,180.36529680365297,18.82696632702125,1.882696632702125
177.6255707762557,179.90867579908675,27.77517137122483,2.7775171371224827
167.5799086757991,183.56164383561642,106.89223662757635,10.689223662757636
163.9269406392694,182.1917808219178,39.013715732043664,3.9013715732043663
163.9269406392694,182.1917808219178,0.0,0.0
159.8173515981735,181.27853881278537,42.09837651731912,4.209837651731911
155.2511415525114,179.90867579908675,47.672632460778765,4.767263246077876
150.6849315068493,178.53881278538813,47.672632460778765,4.767263246077876
146.1187214611872,177.6255707762557,46.56638825198895,4.656638825198895
146.1187214611872,177.6255707762557,0.0,0.0
141.0958904109589,178.08219178082192,50.435438434644844,5.043543843464485
137.44292237442923,176.25570776255708,40.8414242465714,4.08414242465714
137.44292237442923,176.25570776255708,0.0,0.0
130.59360730593608,177.6255707762557,69.84958237798338,6.984958237798338
130.59360730593608,177.6255707762557,0.0,0.0
124.20091324200912,179.45205479452054,66.48502181991351,6.6485021819913515
124.20091324200912,179.45205479452054,0.0,0.0
119.17808219178082,179.45205479452054,50.22831050228305,5.022831050228305
116.89497716894977,174.88584474885843,51.051780308214404,5.10517803082144
118.7214611872146,172.14611872146116,32.92740890834697,3.292740890834697
118.7214611872146,172.14611872146116,0.0,0.0
118.7214611872146,172.14611872146116,0.0,0.0
115.06849315068493,179.45205479452054,81.68284849314306,8.168284849314306
115.06849315068493,179.45205479452054,0.0,0.0
109.58904109589041,180.82191780821915,56.480898981063824,5.648089898106383
105.0228310502283,177.6255707762557,55.7376968754963,5.57376968754963
105.0228310502283,177.6255707762557,0.0,0.0
105.0228310502283,177.6255707762557,0.0,0.0
105.0228310502283,177.6255707762557,0.0,0.0
105.47945205479452,177.16894977168948,6.457596175219696,0.6457596175219696
105.47945205479452,177.16894977168948,0.0,0.0
103.19634703196347,183.1050228310502,63.599946471160294,6.35999464711603
103.19634703196347,183.1050228310502,0.0,0.0
118.2648401826484,189.04109589041096,161.95568813669595,16.195568813669595
125.11415525114154,191.324200913242,72.19812009516839,7.219812009516839
122.8310502283105,191.7808219178082,23.283194125994278,2.328319412599428
122.8310502283105,191.7808219178082,0.0,0.0
122.8310502283105,191.7808219178082,0.0,0.0
134.70319634703196,193.15068493150685,119.50915368312695,11.950915368312696
134.70319634703196,193.15068493150685,0.0,0.0
132.87671232876713,195.8904109589041,32.92740890834697,3.292740890834697
132.87671232876713,195.8904109589041,0.0,0.0
121.00456621004565,193.15068493150685,121.84168095092556,12.184168095092556
121.00456621004565,193.15068493150685,0.0,0.0
121.00456621004565,193.15068493150685,0.0,0.0
117.80821917808218,193.15068493150685,31.963470319634695,3.1963470319634695
118.2648401826484,191.7808219178082,14.439624019033884,1.4439624019033883
118.2648401826484,191.7808219178082,0.0,0.0
121.00456621004565,187.21461187214612,53.25070223602989,5.325070223602989
121.46118721461187,186.3013698630137,10.21035606164301,1.021035606164301
116.43835616438355,187.21461187214612,51.05178030821448,5.105178030821448
115.06849315068493,184.47488584474885,30.631068184928644,3.0631068184928645
105.0228310502283,187.21461187214612,104.12560959809485,10.412560959809486
111.41552511415524,180.82191780821915,90.40634645307475,9.040634645307474
104.10958904109589,188.58447488584474,106.59924684866449,10.65992468486645
104.10958904109589,188.58447488584474,0.0,0.0
111.87214611872146,190.8675799086758,80.91344815830756,8.091344815830755
111.87214611872146,190.8675799086758,0.0,0.0
122.8310502283105,192.69406392694063,111.10068548489899,11.110068548489899
130.13698630136986,193.60730593607306,73.62792464199586,7.362792464199586
130.13698630136986,193.60730593607306,0.0,0.0
130.13698630136986,193.60730593607306,0.0,0.0
130.59360730593608,194.06392694063925,6.4575961752194955,0.6457596175219495
150.6849315068493,193.60730593607306,200.9651240608709,20.09651240608709
138.81278538812785,195.4337899543379,120.11823231019076,12.011823231019076
138.81278538812785,195.4337899543379,0.0,0.0
147.94520547945206,197.71689497716895,94.13483163510645,9.413483163510644
155.2511415525114,195.4337899543379,76.5436283755259,7.65436283755259
155.2511415525114,195.4337899543379,0.0,0.0
157.53424657534245,198.63013698630135,39.28002405042284,3.928002405042284
155.70776255707761,196.3470319634703,29.238010216588332,2.923801021658833
151.59817351598173,195.4337899543379,42.09837651731905,4.209837651731905
147.94520547945206,193.60730593607306,40.8414242465714,4.08414242465714
143.83561643835617,193.60730593607306,41.09589041095887,4.109589041095887
141.55251141552512,191.324200913242,32.28798087609808,3.228798087609808
141.55251141552512,191.324200913242,0.0,0.0
131.05022831050226,189.95433789954336,105.91245209811169,10.591245209811168
131.05022831050226,189.95433789954336,0.0,0.0
122.8310502283105,188.12785388127853,84.19675303463804,8.419675303463803
121.00456621004565,186.3013698630137,25.830384700878486,2.583038470087849
110.95890410958903,187.6712328767123,101.38631648938139,10.138631648938139
107.76255707762556,189.04109589041096,34.7752196614791,3.47752196614791
107.76255707762556,189.04109589041096,0.0,0.0
110.95890410958903,188.12785388127853,33.24251090995673,3.3242510909956726
110.95890410958903,188.12785388127853,0.0,0.0
116.43835616438355,188.58447488584474,54.98445013147168,5.498445013147168
116.43835616438355,188.58447488584474,0.0,0.0
125.11415525114154,190.8675799086758,89.71179317072374,8.971179317072373
129.22374429223743,188.58447488584474,47.01200977619632,4.701200977619632
131.9634703196347,190.8675799086758,35.663240529254196,3.5663240529254194
136.07305936073058,190.41095890410958,41.348790585102336,4.134879058510234
144.74885844748857,192.69406392694063,89.71179317072374,8.971179317072373
147.03196347031962,189.95433789954336,35.663240529254196,3.5663240529254194
150.2283105022831,191.7808219178082,36.81396232099804,3.6813962320998037
155.2511415525114,192.2374429223744,50.435438434644844,5.043543843464485
159.3607305936073,191.7808219178082,41.348790585102336,4.134879058510234
157.99086757990867,191.7808219178082,13.698630136986196,1.3698630136986196
173.0593607305936,197.26027397260273,160.33835494136477,16.033835494136476
170.31963470319633,193.60730593607306,45.662100456620976,4.566210045662098
175.79908675799086,194.52054794520546,55.550342742449615,5.555034274244962
182.1917808219178,197.26027397260273,69.55043932295808,6.955043932295808
188.12785388127853,199.54337899543378,63.599946471160294,6.35999464711603
188.12785388127853,199.54337899543378,0.0,0.0
201.82648401826484,200.4566210045662,137.29037788468418,13.729037788468418
205.93607305936072,201.82648401826484,43.31887205710112,4.331887205710112
200.9132420091324,201.82648401826484,50.22831050228319,5.022831050228319
189.95433789954336,206.39269406392694,118.72146118721463,11.872146118721464
191.324200913242,206.39269406392694,13.69863013698648,1.369863013698648
184.93150684931507,206.39269406392694,63.92694063926939,6.392694063926939
181.7351598173516,210.0456621004566,48.53947859696189,4.85394785969619
185.38812785388126,207.30593607305934,45.662100456620976,4.566210045662098
175.79908675799086,212.32876712328766,108.24903736191494,10.824903736191494
173.0593607305936,210.50228310502283,32.92740890834697,3.292740890834697
169.86301369863014,211.41552511415523,33.242510909956515,3.3242510909956513
170.31963470319633,210.50228310502283,10.210356061642628,1.0210356061642627
162.10045662100455,211.87214611872145,83.32551411367416,8.332551411367415
150.6849315068493,217.35159817351598,126.6248824096992,12.66248824096992
155.70776255707761,211.41552511415523,77.75975509555455,7.7759755095554555
153.42465753424656,210.95890410958904,23.28319412599442,2.328319412599442
152.96803652968035,209.13242009132418,18.826966327021527,1.8826966327021526
145.662100456621,215.52511415525112,97.07895719392359,9.707895719392358
146.5753424657534,212.32876712328766,33.242510909956515,3.3242510909956513
149.7716894977169,210.50228310502283,36.81396232099804,3.6813962320998037
149.7716894977169,210.50228310502283,0.0,0.0
156.62100456621005,210.50228310502283,68.49315068493155,6.849315068493155
173.0593607305936,211.87214611872145,164.95335039441485,16.495335039441485
173.0593607305936,211.87214611872145,0.0,0.0
168.4931506849315,211.87214611872145,45.66210045662103,4.566210045662103
170.31963470319633,210.0456621004566,25.830384700878383,2.583038470087838
164.84018264840182,208.675799086758,56.48089898106369,5.6480898981063685
158.44748858447488,207.76255707762556,64.57596175219612,6.457596175219612
152.96803652968035,206.84931506849313,55.55034274244966,5.555034274244965
146.1187214611872,205.93607305936072,69.0992965772674,6.90992965772674
137.89954337899542,207.76255707762556,84.19675303463816,8.419675303463816
130.13698630136986,206.39269406392694,78.8250068567673,7.88250068567673
130.59360730593608,205.0228310502283,14.439624019033884,1.4439624019033883
121.46118721461187,204.5662100456621,91.43828490639632,9.143828490639631
120.09132420091323,203.65296803652967,16.463704454173563,1.6463704454173562
110.95890410958903,202.28310502283105,92.34588317879768,9.234588317879767
116.89497716894977,200.4566210045662,62.10717127276471,6.210717127276471
103.19634703196347,197.26027397260273,140.66595251825893,14.066595251825893
102.28310502283105,194.97716894977168,24.58979363988358,2.458979363988358
101.36986301369862,192.2374429223744,28.879248038067498,2.88792480380675
101.82648401826484,192.69406392694063,6.457596175219696,0.6457596175219696
101.82648401826484,189.95433789954336,27.397260273972677,2.7397260273972677
105.47945205479452,189.04109589041096,37.65393265404257,3.7653932654042572
106.84931506849314,186.3013698630137,30.631068184928644,3.0631068184928645
110.50228310502283,185.84474885844747,36.813962320998,3.6813962320998
109.58904109589041,183.56164383561642,24.58979363988358,2.458979363988358
109.58904109589041,183.56164383561642,0.0,0.0
114.61187214611871,180.82191780821915,57.214447881925416,5.721444788192541
114.61187214611871,180.82191780821915,0.0,0.0
120.09132420091323,180.82191780821915,54.79452054794521,5.479452054794521
131.9634703196347,181.7351598173516,119.07219004936344,11.907219004936344
138.35616438356163,181.27853881278537,64.0898120895808,6.40898120895808
152.96803652968035,182.1917808219178,146.40383143270677,14.640383143270677
143.37899543378995,181.27853881278537,96.32430643711851,9.632430643711851
147.03196347031962,178.99543378995432,43.077539415783505,4.30775394157835
154.337899543379,186.3013698630137,103.32153880351395,10.332153880351395
152.05479452054794,184.01826484018264,32.28798087609808,3.228798087609808
148.85844748858446,181.27853881278537,42.09837651731927,4.2098376517319265
143.83561643835617,178.08219178082192,59.53609502468148,5.953609502468148
138.35616438356163,174.42922374429222,65.85481781669411,6.585481781669411
136.07305936073058,168.9497716894977,59.36073059360719,5.9360730593607185
128.31050228310502,166.21004566210044,82.31852227086725,8.231852227086724
117.35159817351598,159.3607305936073,129.23261824735079,12.923261824735079
119.63470319634702,152.51141552511416,72.1981200951682,7.21981200951682
115.98173515981735,152.05479452054794,36.81396232099786,3.681396232099786
115.98173515981735,152.05479452054794,0.0,0.0
123.74429223744292,148.40182648401824,85.79129784500438,8.579129784500438
132.4200913242009,148.40182648401824,86.7579908675799,8.67579908675799
139.72602739726025,148.85844748858446,73.20191571635324,7.320191571635324
139.26940639269407,148.40182648401824,6.4575961752194955,0.6457596175219495
149.31506849315068,152.51141552511416,108.53757373520286,10.853757373520285
155.70776255707761,154.79452054794518,67.88159245350906,6.788159245350906
168.9497716894977,162.10045662100455,151.23739873679637,15.123739873679636
173.5159817351598,163.47031963470317,47.672632460778765,4.767263246077876
182.1917808219178,168.9497716894977,102.61280846686871,10.261280846686871
189.04109589041096,173.97260273972603,84.93641661067714,8.493641661067715
194.06392694063925,178.08219178082192,64.89803837238291,6.489803837238291
191.324200913242,184.47488584474885,69.55043932295797,6.955043932295797
188.58447488584474,181.7351598173516,38.745577051317774,3.874557705131777
175.34246575342465,181.7351598173516,132.42009132420094,13.242009132420094
168.9497716894977,177.6255707762557,75.99688117394169,7.599688117394169
168.9497716894977,173.5159817351598,41.09589041095887,4.109589041095887
160.27397260273972,168.03652968036528,102.61280846686871,10.261280846686871
159.8173515981735,165.29680365296804,27.77517137122455,2.7775171371224547
154.337899543379,162.55707762557077,61.26213636985717,6.1262136369857165
152.05479452054794,160.73059360730593,29.238010216588332,2.923801021658833
146.5753424657534,157.99086757990867,61.262136369857416,6.126213636985741
139.26940639269407,153.88127853881278,83.82447374742365,8.382447374742366
135.61643835616437,150.6849315068493,48.539478596962105,4.853947859696211
120.09132420091323,147.48858447488584,158.50735121196135,15.850735121196134
120.09132420091323,147.48858447488584,0.0,0.0
120.54794520547945,149.7716894977169,23.283194125994473,2.3283194125994475
122.8310502283105,147.94520547945206,29.238010216588332,2.923801021658833
118.7214611872146,140.18264840182647,87.83280393457255,8.783280393457256
132.4200913242009,148.85844748858446,162.1486840599517,16.21486840599517
143.83561643835617,153.42465753424656,122.94896819941798,12.294896819941798
155.2511415525114,161.64383561643834,140.66595251825882,14.066595251825882
163.013698630137,165.75342465753423,87.83280393457248,8.783280393457249
157.07762557077623,157.99086757990867,97.72116237001234,9.772116237001233
165.29680365296804,167.12328767123287,122.86414654861855,12.286414654861854
160.73059360730593,167.12328767123287,45.66210045662103,4.566210045662103
158.44748858447488,165.29680365296804,29.238010216588332,2.923801021658833
152.51141552511416,162.10045662100455,67.41928338006119,6.741928338006119
147.94520547945206,159.3607305936073,53.2507022360302,5.32507022360302
137.44292237442923,153.88127853881278,118.45773306915832,11.845773306915833
138.35616438356163,148.85844748858446,51.05178030821443,5.105178030821444
133.78995433789953,146.5753424657534,51.051780308214404,5.10517803082144
122.37442922374429,137.89954337899542,143.38190381833402,14.338190381833403
120.54794520547945,137.44292237442923,18.826966327021182,1.8826966327021182
122.8310502283105,134.24657534246575,39.28002405042307,3.9280024050423075
126.48401826484017,131.50684931506848,45.662100456620976,4.566210045662098
134.24657534246575,138.35616438356163,103.52314199775925,10.352314199775925
136.07305936073058,136.5296803652968,25.830384700878383,2.583038470087838
147.48858447488584,145.662100456621,146.19005108294184,14.619005108294184
154.337899543379,148.85844748858446,75.58422537555636,7.558422537555636
164.3835616438356,155.2511415525114,119.07219004936334,11.907219004936334
170.31963470319633,157.53424657534245,63.599946471160294,6.35999464711603
181.7351598173516,166.21004566210044,143.38190381833414,14.338190381833414
178.53881278538813,165.75342465753423,32.28798087609792,3.2287980876097917
178.53881278538813,165.75342465753423,0.0,0.0
188.12785388127853,177.16894977168948,149.08518463300913,14.908518463300913
187.21461187214612,173.97260273972603,33.242510909956515,3.3242510909956513
178.08219178082192,173.5159817351598,91.43828490639633,9.143828490639633
175.34246575342465,169.86301369863014,45.662100456620976,4.566210045662098
162.55707762557077,164.84018264840182,137.3662918401034,13.73662918401034
158.9041095890411,160.73059360730593,54.98445013147158,5.498445013147158
145.662100456621,157.53424657534245,136.22314054955527,13.622314054955527
139.72602739726025,154.79452054794518,65.37817837112512,6.537817837112511
138.35616438356163,147.48858447488584,74.33251413744138,7.433251413744138
129.68036529680364,143.83561643835617,94.13483163510637,9.413483163510637
115.98173515981735,140.63926940639269,140.665952518259,14.066595251825898
109.13242009132419,134.70319634703196,90.63668146702832,9.063668146702833
112.32876712328766,135.61643835616437,33.24251090995665,3.324251090995665
112.32876712328766,135.61643835616437,0.0,0.0
110.95890410958903,134.70319634703196,16.463704454173406,1.6463704454173407
115.98173515981735,135.15981735159818,50.43543843464512,5.043543843464512
116.43835616438355,128.31050228310502,68.64518894234209,6.864518894234209
128.76712328767124,135.15981735159818,141.03602932858922,14.103602932858923
136.986301369863,140.18264840182647,96.32430643711851,9.632430643711851
143.83561643835617,143.37899543378995,75.58422537555649,7.558422537555648
149.7716894977169,148.85844748858446,80.78450234225616,8.078450234225617
152.05479452054794,149.7716894977169,24.589793639883634,2.4589793639883633
168.4931506849315,163.013698630137,211.08537591463406,21.108537591463406
179.45205479452054,168.9497716894977,124.63327912288747,12.463327912288747
179.90867579908675,172.14611872146116,32.28798087609792,3.2287980876097917
194.06392694063925,183.1050228310502,179.01639985308353,17.901639985308353
194.06392694063925,183.1050228310502,0.0,0.0
200.0,190.41095890410958,94.13483163510661,9.41348316351066
195.4337899543379,197.71689497716895,86.15507883156727,8.615507883156727
191.324200913242,195.4337899543379,47.01200977619632,4.701200977619632
183.56164383561642,194.52054794520546,78.16092588412661,7.816092588412661
181.27853881278537,192.69406392694063,29.238010216588332,2.923801021658833
174.88584474885843,190.8675799086758,66.48502181991338,6.648502181991338
170.77625570776254,189.04109589041096,44.971953432858875,4.497195343285887
161.64383561643834,188.58447488584474,91.43828490639633,9.143828490639633
154.337899543379,187.21461187214612,74.33251413744138,7.433251413744138
144.74885844748857,186.7579908675799,95.9990686832359,9.59990686832359
137.89954337899542,183.1050228310502,77.62557077625584,7.762557077625584
132.87671232876713,181.7351598173516,52.06280479904718,5.206280479904718
120.54794520547945,184.93150684931507,127.36370484914487,12.736370484914486
115.06849315068493,184.93150684931507,54.79452054794521,5.479452054794521
118.7214611872146,185.38812785388126,36.813962320997824,3.6813962320997824
107.30593607305936,185.84474885844747,114.24653884197987,11.424653884197987
119.17808219178082,180.82191780821915,128.90953619628408,12.890953619628409
119.17808219178082,180.82191780821915,0.0,0.0
119.17808219178082,180.82191780821915,0.0,0.0
112.32876712328766,189.49771689497715,110.53624143296992,11.053624143296991
112.32876712328766,189.49771689497715,0.0,0.0
110.50228310502283,194.97716894977168,57.75849607613491,5.775849607613491
110.50228310502283,194.97716894977168,0.0,0.0
106.84931506849314,197.26027397260273,43.07753941578363,4.307753941578364
104.56621004566209,197.71689497716895,23.283194125994473,2.3283194125994475
101.82648401826484,194.97716894977168,38.745577051317674,3.8745577051317674
111.41552511415524,198.17351598173514,101.0773681332358,10.10773681332358
111.41552511415524,198.17351598173514,0.0,0.0
120.09132420091323,195.4337899543379,90.98109061722036,9.098109061722036
120.54794520547945,192.2374429223744,32.2879808760982,3.22879808760982
120.54794520547945,192.2374429223744,0.0,0.0
121.46118721461187,195.4337899543379,33.24251090995683,3.324251090995683
121.46118721461187,195.4337899543379,0.0,0.0
121.46118721461187,195.4337899543379,0.0,0.0
113.6986301369863,201.36986301369862,97.72116237001228,9.772116237001228
110.95890410958903,202.73972602739724,30.631068184928644,3.0631068184928645
110.50228310502283,202.73972602739724,4.566210045662018,0.4566210045662018
100.0,206.84931506849313,112.77706881487181,11.27770688148718
101.82648401826484,205.93607305936072,20.420712123285636,2.0420712123285636
95.8904109589041,205.93607305936072,59.36073059360737,5.936073059360737
94.52054794520548,205.4794520547945,14.439624019033614,1.4439624019033614
95.4337899543379,203.65296803652967,20.4207121232857,2.04207121232857
94.52054794520548,201.36986301369862,24.58979363988358,2.458979363988358
89.95433789954338,200.0,47.672632460778765,4.767263246077876
93.60730593607306,194.52054794520546,65.85481781669402,6.585481781669403
87.67123287671232,200.0,80.78450234225646,8.078450234225645
87.67123287671232,200.0,0.0,0.0
93.15068493150685,196.80365296803652,63.43581730342384,6.343581730342384
93.15068493150685,196.80365296803652,0.0,0.0
101.82648401826484,198.63013698630135,88.65976182167852,8.865976182167852
104.10958904109589,199.54337899543378,24.589793639883634,2.4589793639883633
112.78538812785388,200.9132420091324,87.83280393457233,8.783280393457233
115.52511415525113,196.3470319634703,53.25070223603013,5.325070223603013
126.48401826484017,200.9132420091324,118.72146118721463,11.872146118721464
131.9634703196347,200.0,55.55034274244947,5.555034274244948
140.18264840182647,200.0,82.19178082191775,8.219178082191775
153.42465753424656,201.36986301369862,133.12675559007536,13.312675559007536
157.53424657534245,201.36986301369862,41.09589041095887,4.109589041095887
167.5799086757991,203.19634703196346,102.10356061642892,10.210356061642893
180.36529680365297,205.0228310502283,129.15192350439222,12.915192350439222
188.58447488584474,205.0228310502283,82.19178082191775,8.219178082191775
194.06392694063925,205.93607305936072,55.55034274244938,5.555034274244938
194.06392694063925,205.93607305936072,0.0,0.0
201.36986301369862,198.63013698630135,103.32153880351395,10.332153880351395
194.52054794520546,190.41095890410958,106.98972158776236,10.698972158776236
189.95433789954336,186.7579908675799,58.476020433176664,5.847602043317666
178.53881278538813,182.64840182648402,121.32721694599451,12.13272169459945
171.68949771689498,178.08219178082192,82.31852227086739,8.231852227086739
163.9269406392694,174.42922374429222,85.79129784500451,8.57912978450045
159.3607305936073,170.31963470319633,61.43207327430918,6.143207327430918
149.7716894977169,167.5799086757991,99.72753272986989,9.972753272986989
150.2283105022831,164.3835616438356,32.2879808760982,3.22879808760982
142.0091324200913,161.64383561643834,86.6377441142024,8.66377441142024
139.72602739726025,162.10045662100455,23.283194125994473,2.3283194125994475
134.24657534246575,159.3607305936073,61.26213636985717,6.1262136369857165
127.85388127853881,157.53424657534245,66.48502181991338,6.648502181991338
127.85388127853881,157.53424657534245,0.0,0.0
121.00456621004565,161.18721461187215,77.62557077625584,7.762557077625584
120.54794520547945,157.07762557077623,41.3487905851026,4.1348790585102595
118.2648401826484,162.55707762557077,59.36073059360745,5.936073059360745
120.54794520547945,170.31963470319633,80.91344815830742,8.091344815830741
120.54794520547945,170.31963470319633,0.0,0.0
106.84931506849314,174.42922374429222,143.01789738233637,14.301789738233637
110.50228310502283,173.97260273972603,36.813962320997966,3.6813962320997966
105.47945205479452,174.88584474885843,51.0517803082143,5.105178030821429
105.47945205479452,174.88584474885843,0.0,0.0
105.47945205479452,174.88584474885843,0.0,0.0
105.47945205479452,174.88584474885843,0.0,0.0
105.47945205479452,174.88584474885843,0.0,0.0
106.39269406392694,174.88584474885843,9.132420091324178,0.9132420091324178
103.65296803652967,172.14611872146116,38.745577051317774,3.874557705131777
94.06392694063926,170.31963470319633,97.61442158188102,9.761442158188101
103.19634703196347,165.75342465753423,102.10356061642881,10.21035606164288
94.06392694063926,172.60273972602738,114.15525114155257,11.415525114155257
89.49771689497716,165.29680365296804,86.15507883156701,8.6155078831567
107.30593607305936,173.5159817351598,196.13453511337474,19.613453511337475
111.87214611872146,172.60273972602738,46.56638825198895,4.656638825198895
124.65753424657534,175.34246575342465,130.75635674224978,13.075635674224978
128.31050228310502,173.5159817351598,40.84142424657153,4.084142424657153
135.61643835616437,174.42922374429222,73.62792464199568,7.3627924641995675
143.83561643835617,173.0593607305936,83.32551411367444,8.332551411367444
155.2511415525114,168.03652968036528,124.71689756847165,12.471689756847166
158.44748858447488,167.5799086757991,32.28798087609816,3.228798087609816
159.3607305936073,163.9269406392694,37.65393265404271,3.7653932654042714
157.07762557077623,159.3607305936073,51.051780308214404,5.10517803082144
146.5753424657534,155.70776255707761,111.19448093046495,11.119448093046495
140.18264840182647,153.42465753424656,67.88159245350914,6.788159245350914
132.87671232876713,147.94520547945206,91.32420091324178,9.132420091324178
124.20091324200912,149.31506849315068,87.83280393457247,8.783280393457247
116.89497716894977,147.03196347031962,76.54362837552604,7.654362837552604
113.6986301369863,147.03196347031962,31.963470319634695,3.1963470319634695
97.71689497716895,140.63926940639269,172.12855547918502,17.2128555479185
97.71689497716895,140.63926940639269,0.0,0.0
97.71689497716895,142.92237442922374,22.831050228310517,2.2831050228310517
97.71689497716895,142.92237442922374,0.0,0.0
103.19634703196347,138.35616438356163,71.32648105850828,7.132648105850828
113.6986301369863,141.55251141552512,109.7791349787334,10.97791349787334
126.02739726027397,146.1187214611872,131.47196391678506,13.147196391678506
137.89954337899542,152.51141552511416,134.83856676012238,13.483856676012238
143.83561643835617,152.05479452054794,59.53609502468194,5.953609502468194
155.70776255707761,156.62100456621005,127.19989294232059,12.71998929423206
165.29680365296804,159.8173515981735,101.07736813323592,10.107736813323593
172.14611872146116,165.29680365296804,87.71403064976495,8.771403064976495
186.3013698630137,174.88584474885843,170.97392901232016,17.097392901232016
192.2374429223744,176.25570776255708,60.920840475462676,6.092084047546267
193.60730593607306,179.90867579908675,39.013715732043494,3.9013715732043495
189.49771689497715,178.99543378995432,42.098376517319394,4.20983765173194
189.49771689497715,181.7351598173516,27.397260273972677,2.7397260273972677
178.53881278538813,182.64840182648402,109.96890026294308,10.996890026294308
174.88584474885843,179.90867579908675,45.662100456621204,4.56621004566212
169.40639269406392,177.16894977168948,61.26213636985717,6.1262136369857165
167.5799086757991,173.97260273972603,36.81396232099779,3.681396232099779
158.44748858447488,171.23287671232876,95.34526492155761,9.534526492155761
155.2511415525114,168.4931506849315,42.09837651731927,4.2098376517319265
148.40182648401824,168.4931506849315,68.49315068493155,6.849315068493155
141.55251141552512,164.84018264840182,77.62557077625544,7.762557077625544
138.81278538812785,165.29680365296804,27.77517137122483,2.7775171371224827
136.5296803652968,164.3835616438356,24.589793639883634,2.4589793639883633
136.5296803652968,164.3835616438356,0.0,0.0
131.05022831050226,168.9497716894977,71.32648105850839,7.132648105850839
131.05022831050226,168.9497716894977,0.0,0.0
126.94063926940639,170.77625570776254,44.97195343285875,4.497195343285875
126.94063926940639,170.77625570776254,0.0,0.0
126.94063926940639,170.77625570776254,0.0,0.0
110.95890410958903,175.79908675799086,167.52453267437585,16.752453267437584
111.87214611872146,174.88584474885843,12.915192350439392,1.2915192350439393
104.56621004566209,179.90867579908675,88.65976182167867,8.865976182167866
99.08675799086757,185.84474885844747,80.78450234225626,8.078450234225626
101.82648401826484,185.84474885844747,27.397260273972677,2.7397260273972677
98.63013698630137,188.12785388127853,39.28002405042295,3.928002405042295
96.80365296803653,189.04109589041096,20.420712123285764,2.0420712123285765
89.04109589041096,193.60730593607306,90.05973937587227,9.005973937587227
92.69406392694063,190.8675799086758,45.662100456620976,4.566210045662098
89.49771689497716,196.80365296803652,67.41928338006112,6.741928338006112
89.49771689497716,196.80365296803652,0.0,0.0
89.49771689497716,196.80365296803652,0.0,0.0
97.26027397260273,202.28310502283105,95.01667601225951,9.50166760122595
102.28310502283105,202.28310502283105,50.22831050228319,5.022831050228319
100.91324200913242,204.1095890410959,22.831050228310488,2.283105022831049
100.91324200913242,204.1095890410959,0.0,0.0
107.76255707762556,203.19634703196346,69.0992965772673,6.90992965772673
115.52511415525113,202.28310502283105,78.16092588412643,7.816092588412642
118.2648401826484,198.63013698630135,45.662100456621204,4.56621004566212
110.04566210045661,195.8904109589041,86.63774411420218,8.663774411420217
110.04566210045661,195.8904109589041,0.0,0.0
109.13242009132419,194.97716894977168,12.915192350439293,1.2915192350439293
109.13242009132419,194.97716894977168,0.0,0.0
109.13242009132419,194.97716894977168,0.0,0.0
111.41552511415524,197.71689497716895,35.663240529254196,3.5663240529254194
115.98173515981735,193.15068493150685,64.57596175219616,6.457596175219616
127.85388127853881,192.2374429223744,119.07219004936344,11.907219004936344
125.11415525114154,189.95433789954336,35.663240529254196,3.5663240529254194
134.24657534246575,190.41095890410958,91.43828490639633,9.143828490639633
136.986301369863,188.58447488584474,32.92740890834697,3.292740890834697
147.03196347031962,189.49771689497715,100.87087686928993,10.087087686928992
147.03196347031962,189.04109589041096,4.566210045661876,0.4566210045661876
147.48858447488584,187.6712328767123,14.439624019033884,1.4439624019033883
147.94520547945206,188.12785388127853,6.457596175219696,0.6457596175219696
150.2283105022831,187.21461187214612,24.58979363988353,2.458979363988353
159.3607305936073,188.12785388127853,91.77968603763347,9.177968603763347
157.99086757990867,186.7579908675799,19.372788525658688,1.9372788525658688
161.18721461187215,186.7579908675799,31.963470319634837,3.1963470319634837
168.9497716894977,187.21461187214612,77.75975509555423,7.775975509555423
168.9497716894977,187.21461187214612,0.0,0.0
172.14611872146116,189.49771689497715,39.280024050422675,3.9280024050422675
172.60273972602738,188.58447488584474,10.210356061642756,1.0210356061642756
184.47488584474885,189.49771689497715,119.07219004936357,11.907219004936357
189.04109589041096,186.3013698630137,55.7376968754963,5.57376968754963
182.1917808219178,186.7579908675799,68.6451889423421,6.864518894234211
184.93150684931507,185.38812785388126,30.631068184928772,3.0631068184928774
188.58447488584474,183.1050228310502,43.077539415783505,4.30775394157835
194.52054794520546,180.82191780821915,63.599946471160294,6.35999464711603
192.69406392694063,179.90867579908675,20.420712123285636,2.0420712123285636
203.65296803652967,177.16894977168948,112.96179796212772,11.296179796212773
199.08675799086757,173.5159817351598,58.476020433176664,5.847602043317666
203.19634703196346,173.5159817351598,41.09589041095887,4.109589041095887
207.76255707762556,169.86301369863014,58.476020433176664,5.847602043317666
208.675799086758,167.12328767123287,28.879248038067498,2.88792480380675
210.95890410958904,163.9269406392694,39.28002405042307,3.9280024050423075
212.78538812785388,158.9041095890411,53.44611831378804,5.3446118313788045
213.24200913242007,160.73059360730593,18.826966327021182,1.8826966327021182
213.69863013698628,158.9041095890411,18.82696632702125,1.882696632702125
213.24200913242007,158.44748858447488,6.457596175219696,0.6457596175219696
213.24200913242007,158.44748858447488,0.0,0.0
211.87214611872145,157.07762557077623,19.372788525658887,1.9372788525658886
211.87214611872145,157.07762557077623,0.0,0.0
219.17808219178082,152.96803652968035,83.82447374742391,8.38244737474239
218.26484018264838,155.2511415525114,24.589793639883634,2.4589793639883633
219.17808219178082,150.2283105022831,51.051780308214205,5.1051780308214205
219.17808219178082,150.2283105022831,0.0,0.0
224.65753424657532,150.6849315068493,54.98445013147152,5.498445013147152
224.65753424657532,150.6849315068493,0.0,0.0
226.02739726027397,148.85844748858446,22.831050228310573,2.2831050228310574
231.05022831050226,142.46575342465752,81.29905851490788,8.129905851490788
231.05022831050226,142.46575342465752,0.0,0.0
228.7671232876712,143.37899543378995,24.589793639883634,2.4589793639883633
226.48401826484016,140.63926940639269,35.663240529254196,3.5663240529254194
217.80821917808217,139.26940639269407,87.83280393457233,8.783280393457233
214.1552511415525,142.46575342465752,48.5394785969617,4.85394785969617
212.32876712328766,139.26940639269407,36.81396232099779,3.681396232099779
205.93607305936072,138.81278538812785,64.0898120895808,6.40898120895808
192.69406392694063,140.18264840182647,133.12675559007536,13.312675559007536
189.49771689497715,138.35616438356163,36.81396232099804,3.6813962320998037
189.49771689497715,136.986301369863,13.698630136986196,1.3698630136986196
180.82191780821915,134.24657534246575,90.98109061722046,9.098109061722045
180.82191780821915,131.9634703196347,22.831050228310517,2.2831050228310517
174.42922374429222,133.33333333333331,65.37817837112486,6.537817837112486
168.9497716894977,135.15981735159818,57.758496076134726,5.775849607613472
165.29680365296804,133.33333333333331,40.84142424657153,4.084142424657153
156.62100456621005,134.70319634703196,87.83280393457237,8.783280393457236
148.85844748858446,135.15981735159818,77.75975509555451,7.775975509555451
148.85844748858446,135.15981735159818,0.0,0.0
140.63926940639269,138.35616438356163,88.18816399921434,8.818816399921435
142.0091324200913,135.15981735159818,34.77521966147886,3.4775219661478856
144.74885844748857,131.9634703196347,42.09837651731927,4.2098376517319265
154.337899543379,131.9634703196347,95.89041095890423,9.589041095890423
162.10045662100455,132.4200913242009,77.75975509555423,7.775975509555423
167.12328767123287,132.4200913242009,50.22831050228319,5.022831050228319
172.60273972602738,129.68036529680364,61.26213636985717,6.1262136369857165
174.42922374429222,131.05022831050226,22.8310502283104,2.28310502283104
184.01826484018264,136.986301369863,112.77706881487207,11.277706881487207
190.41095890410958,140.63926940639269,73.62792464199582,7.362792464199582
196.3470319634703,141.55251141552512,60.059116155095396,6.00591161550954
209.13242009132418,148.40182648401824,145.0445678015395,14.50445678015395
210.95890410958904,145.662100456621,32.92740890834689,3.292740890834689
214.6118721461187,149.31506849315068,51.66076940175677,5.166076940175676
214.1552511415525,148.85844748858446,6.457596175219696,0.6457596175219696
223.74429223744292,152.51141552511416,102.61280846686881,10.261280846686882
221.00456621004565,149.7716894977169,38.745577051317774,3.874557705131777
235.61643835616437,149.7716894977169,146.11872146118714,14.611872146118714
235.15981735159815,145.2054794520548,45.88984301881688,4.5889843018816885
230.13698630136986,147.94520547945206,57.21444788192529,5.721444788192529
235.15981735159815,147.03196347031962,51.051780308214205,5.1051780308214205
234.70319634703196,143.83561643835617,32.287980876097876,3.2287980876097877
231.05022831050226,141.0958904109589,45.662100456621204,4.56621004566212
225.11415525114154,142.46575342465752,60.92084047546261,6.092084047546261
218.7214611872146,137.89954337899542,78.5600481008459,7.85600481008459
218.7214611872146,137.89954337899542,0.0,0.0
218.7214611872146,137.89954337899542,0.0,0.0
209.5890410958904,132.4200913242009,106.50140447206026,10.650140447206025
215.52511415525112,129.22374429223743,67.41928338006119,6.741928338006119
221.91780821917806,131.50684931506848,67.88159245350914,6.788159245350914
226.02739726027397,131.9634703196347,41.34879058510261,4.134879058510261
237.4429223744292,139.72602739726025,138.04763888430088,13.804763888430088
238.81278538812785,142.0091324200913,26.625351118015175,2.6625351118015175
238.81278538812785,142.0091324200913,0.0,0.0
231.05022831050226,144.29223744292236,80.9134481583077,8.09134481583077
230.59360730593605,139.72602739726025,45.88984301881688,4.5889843018816885
221.46118721461187,144.29223744292236,102.10356061642857,10.210356061642857
216.89497716894977,141.55251141552512,53.25070223603005,5.325070223603005
210.50228310502283,144.29223744292236,69.55043932295797,6.955043932295797
206.39269406392694,143.37899543378995,42.09837651731905,4.209837651731905
202.73972602739724,144.74885844748857,39.013715732043664,3.9013715732043663
191.324200913242,147.94520547945206,118.54570763239407,11.854570763239407
190.8675799086758,147.03196347031962,10.21035606164301,1.021035606164301
181.7351598173516,149.31506849315068,94.13483163510645,9.413483163510644
173.5159817351598,152.96803652968035,89.94390686571775,8.994390686571775
171.68949771689498,149.31506849315068,40.8414242465714,4.08414242465714
166.66666666666666,151.59817351598173,55.173725906824615,5.517372590682461
154.79452054794518,154.79452054794518,122.94896819941799,12.2948968199418
154.79452054794518,154.79452054794518,0.0,0.0
143.83561643835617,156.62100456621005,111.10068548489876,11.110068548489876
145.2054794520548,154.79452054794518,22.83105022831063,2.283105022831063
145.2054794520548,154.79452054794518,0.0,0.0
137.44292237442923,154.337899543379,77.75975509555421,7.775975509555421
137.44292237442923,154.337899543379,0.0,0.0
130.59360730593608,150.6849315068493,77.62557077625584,7.762557077625584
130.59360730593608,149.31506849315068,13.698630136986196,1.3698630136986196
130.59360730593608,149.31506849315068,0.0,0.0
131.9634703196347,141.55251141552512,78.8250068567673,7.88250068567673
126.48401826484017,145.2054794520548,65.85481781669382,6.585481781669382
119.17808219178082,152.51141552511416,103.32153880351383,10.332153880351383
115.06849315068493,155.70776255707761,52.06280479904728,5.206280479904728
115.06849315068493,155.70776255707761,0.0,0.0
115.06849315068493,155.70776255707761,0.0,0.0
109.58904109589041,165.29680365296804,110.44188696299393,11.044188696299393
106.39269406392694,163.47031963470317,36.81396232099805,3.681396232099805
126.94063926940639,166.66666666666666,207.9506399403781,20.79506399403781
118.7214611872146,166.21004566210044,82.31852227086742,8.231852227086742
128.31050228310502,163.013698630137,101.07736813323592,10.107736813323593
128.76712328767124,159.8173515981735,32.2879808760982,3.22879808760982
128.76712328767124,157.53424657534245,22.831050228310517,2.2831050228310517
133.33333333333331,153.88127853881278,58.476020433176444,5.847602043317645
140.63926940639269,153.88127853881278,73.05936073059371,7.305936073059371
140.63926940639269,153.88127853881278,0.0,0.0
146.5753424657534,151.59817351598173,63.599946471160294,6.35999464711603
154.337899543379,152.05479452054794,77.75975509555451,7.775975509555451
158.9041095890411,151.59817351598173,45.88984301881688,4.5889843018816885
164.3835616438356,152.51141552511416,55.55034274244938,5.555034274244938
164.84018264840182,150.6849315068493,18.826966327021527,1.8826966327021526
174.88584474885843,150.2283105022831,100.56034495682746,10.056034495682747
176.71232876712327,147.94520547945206,29.238010216588332,2.923801021658833
180.82191780821915,146.1187214611872,44.971953432858996,4.4971953432859
189.04109589041096,143.37899543378995,86.63774411420232,8.663774411420231
194.06392694063925,139.72602739726025,62.10717127276454,6.210717127276454
193.60730593607306,139.72602739726025,4.566210045661876,0.4566210045661876
193.60730593607306,139.72602739726025,0.0,0.0
200.0,142.46575342465752,69.55043932295808,6.955043932295808
204.5662100456621,143.37899543378995,46.56638825198895,4.656638825198895
205.4794520547945,138.81278538812785,46.5663882519889,4.65663882519889
203.19634703196346,133.78995433789953,55.173725906824615,5.517372590682461
217.80821917808217,129.68036529680364,151.78785514698313,15.178785514698314
221.46118721461187,126.94063926940639,45.66210045662112,4.566210045662112
224.2009132420091,127.85388127853881,28.879248038067182,2.887924803806718
224.2009132420091,127.85388127853881,0.0,0.0
221.91780821917806,130.13698630136986,32.28798087609808,3.228798087609808
221.91780821917806,130.13698630136986,0.0,0.0
214.6118721461187,130.13698630136986,73.05936073059343,7.305936073059343
207.76255707762556,130.13698630136986,68.49315068493155,6.849315068493155
201.82648401826484,132.87671232876713,65.37817837112486,6.537817837112486
201.82648401826484,132.87671232876713,0.0,0.0
201.82648401826484,132.87671232876713,0.0,0.0
195.8904109589041,137.44292237442923,74.89141309066993,7.4891413090669925
195.8904109589041,137.44292237442923,0.0,0.0
189.95433789954336,141.55251141552512,72.19812009516863,7.219812009516863
183.56164383561642,145.2054794520548,73.62792464199582,7.362792464199582
183.56164383561642,140.18264840182647,50.22831050228319,5.022831050228319
173.5159817351598,147.94520547945206,126.9537787621721,12.695377876217211
168.03652968036528,147.94520547945206,54.79452054794535,5.479452054794535
167.12328767123287,150.2283105022831,24.58979363988353,2.458979363988353
160.73059360730593,147.48858447488584,69.55043932295808,6.955043932295808
169.86301369863014,142.92237442922374,102.10356061642881,10.21035606164288
169.86301369863014,140.18264840182647,27.397260273972677,2.7397260273972677
172.14611872146116,137.44292237442923,35.66324052925379,3.566324052925379
183.1050228310502,139.26940639269407,111.10068548489899,11.110068548489899
188.58447488584474,136.5296803652968,61.262136369857416,6.126213636985741
195.4337899543379,134.70319634703196,70.88664244867593,7.0886642448675925
202.73972602739724,136.986301369863,76.5436283755259,7.65436283755259
213.69863013698628,143.83561643835617,129.23261824735079,12.923261824735079
221.00456621004565,146.5753424657534,78.02743146408706,7.802743146408706
224.65753424657532,153.88127853881278,81.68284849314306,8.168284849314306
231.05022831050226,155.70776255707761,66.48502181991338,6.648502181991338
231.05022831050226,155.70776255707761,0.0,0.0
230.59360730593605,161.18721461187215,54.984450131471824,5.498445013147182
228.31050228310502,159.3607305936073,29.23801021658829,2.923801021658829
221.00456621004565,160.73059360730593,74.33251413744172,7.433251413744172
