File name,Total time, ,Time %, ,Average velocity, ,Total distance, ,Total time, ,Time %, ,Average velocity, ,Total distance, ,Total time, ,Time %, ,Average velocity, ,Total distance, ,Total time, ,Time %, ,Average velocity, ,Total distance, ,Total time, ,Time %, ,Average velocity, ,Total distance, ,Latency for 1st entry,Latency for 2nd entry,No. of transitions to top half,Total freeze time,No. of freezing episodes,No. of darting episodes
 ,centre,wall,centre,wall,centre,wall,centre,wall,bottom 1/4,top 3/4,bottom 1/4,top 3/4,bottom 1/4,top 3/4,bottom 1/4,top 3/4,bottom 1/2,top 1/2,bottom 1/2,top 1/2,bottom 1/2,top 1/2,bottom 1/2,top 1/2,bottom 3/4,top 1/4,bottom 3/4,top 1/4,bottom 3/4,top 1/4,bottom 3/4,top 1/4,bottom 1/3,top 2/3,bottom 1/3,top 2/3,bottom 1/3,top 2/3,bottom 1/3,top 2/3
raw/BottomLight_3mnts_FF1.xls_Tank_1,53.0,66.0,44.537815126050425,55.462184873949575,52.0013535238,50.245764367,2771.6722328186393,3341.3433304031532,35.0,84.0,29.411764705882355,70.58823529411765,50.2535809517,51.3524715236,1784.0021237846138,4329.013439437181,62.0,57.0,52.10084033613446,47.89915966386554,49.8308210322,52.3183750871,3099.4771582047956,3013.538405016995,83.0,36.0,69.74789915966386,30.25210084033614,50.3355967446,52.6295297977,4213.08953752489,1899.9260256969028,45.0,74.0,37.81512605042017,62.18487394957983,49.9336642869,51.6868435593,2252.008259339048,3861.0073038827445,10,32,19,0,0,3,[]
raw/BottomLight_3mnts_FF1.xls_Tank_2,77.0,42.0,64.70588235294117,35.294117647058826,48.5434047496,41.7649291788,3776.6768895217006,1754.1271155103348,37.0,82.0,31.092436974789916,68.90756302521008,41.4810255674,48.3270871779,1567.9828564459892,3962.821148586047,71.0,48.0,59.66386554621849,40.33613445378151,45.1259202134,47.7188240277,3235.5285692984817,2295.2754357335552,108.0,11.0,90.75630252100841,9.243697478991592,45.6669195436,51.0157546963,4959.427552432921,571.3764525991146,48.0,71.0,40.33613445378151,59.66386554621849,41.9897360839,49.0182969291,2040.7012636788668,3490.1027413531697,9,25,15,0,0,1,[]
raw/BottomLight_3mnts_FF2.xls_Tank_1,65.0,54.0,54.621848739495796,45.378151260504204,69.9983398824,67.3214615472,4556.891926346535,3682.4840366300627,33.0,86.0,27.73109243697479,72.26890756302521,65.95855667,69.8562562532,2189.824171445346,6049.551791531261,60.0,59.0,50.42016806722689,49.57983193277311,66.8198888799,70.7652286974,4035.9213783485993,4203.454584628002,88.0,31.0,73.94957983193278,26.05042016806722,67.9681958567,71.0903251903,6035.575882075887,2203.800080900712,39.0,80.0,32.773109243697476,67.22689075630252,67.1572621759,69.5634143385,2632.5647672947343,5606.811195681869,13,27,31,0,0,0,[]
raw/BottomLight_3mnts_FF2.xls_Tank_2,57.0,62.0,47.89915966386555,52.10084033613445,82.6610628376,78.4835108404,4728.212884309359,4873.826023186039,17.0,102.0,14.285714285714285,85.71428571428572,72.9387447928,81.7407639885,1239.9586614768436,8362.080246018562,41.0,77.0,34.74576271186441,65.25423728813558,78.757721636,81.422355051,3299.9486265482146,6302.090280947191,65.0,54.0,54.621848739495796,45.378151260504204,80.484115056,80.4893723025,5255.612803158798,4346.426104336598,26.0,93.0,21.84873949579832,78.15126050420167,75.3038707917,81.9521184481,1980.4918018205205,7621.547105674887,37,40,20,0,0,0,[]
raw/BottomLight_3mnts_FF6.xls_Tank_1,91.0,28.0,76.47058823529412,23.529411764705884,63.807681361,50.4924829132,5838.402934532852,1428.9372664430434,19.0,100.0,15.966386554621847,84.03361344537815,58.4517669695,61.0815428189,1116.4288391165355,6150.91136185936,56.0,63.0,47.05882352941176,52.94117647058824,62.141311611,59.3596943422,3486.1276713786056,3781.212529597291,93.0,26.0,78.15126050420169,21.848739495798313,61.8598981759,56.3416023876,5802.458538897668,1464.8816620782225,34.0,84.0,28.8135593220339,71.1864406779661,62.6068008566,59.8629300481,2184.9774398953086,5082.362761080585,3,10,24,0,0,0,[]
raw/BottomLight_3mnts_FF6.xls_Tank_2,48.0,71.0,40.33613445378151,59.66386554621849,58.1720404956,51.8558703376,2798.0751478387124,3718.0659932074204,11.0,108.0,9.243697478991598,90.75630252100841,46.1638229241,55.2739436703,535.5003459196042,5980.640795126532,30.0,89.0,25.210084033613445,74.78991596638656,55.360819378,54.0666709896,1666.3606632785588,4849.780477767573,50.0,68.0,42.3728813559322,57.6271186440678,56.8328993438,52.5884829383,2892.7945765999566,3623.346564446178,18.0,101.0,15.126050420168067,84.87394957983193,52.2499115701,54.7829978973,966.6233640459793,5549.517777000161,18,35,7,0,0,0,[]
raw/BottomLight_3mnts_FF7.xls_Tank_1,75.0,44.0,63.02521008403361,36.97478991596639,76.8714847238,66.8935545942,5788.422799699522,2976.763269442934,3.0,116.0,2.5210084033613445,97.47899159663865,59.8707800507,73.5652471966,209.5477301772907,8555.638338965164,25.0,94.0,21.008403361344538,78.99159663865547,74.9376720141,72.6810606629,1925.8981707619314,6839.287898380521,65.0,54.0,54.621848739495796,45.378151260504204,78.7314481387,66.5628074841,5117.544129016372,3647.641940126087,9.0,110.0,7.563025210084033,92.43697478991596,67.5985058486,73.6282072815,621.9062538068263,8143.279815335629,27,36,29,0,0,0,[]
raw/BottomLight_3mnts_FF7.xls_Tank_2,53.0,66.0,44.537815126050425,55.462184873949575,69.4046846631,63.852846725,3692.32931407797,4252.5995918851095,19.0,100.0,15.966386554621847,84.03361344537815,60.7439385394,67.3887642005,1172.3581038112827,6772.5708021517985,45.0,74.0,37.81512605042017,62.18487394957983,62.8934875592,68.4229889928,2867.943122699609,5076.9857832634725,75.0,44.0,63.02521008403361,36.97478991596639,67.0793591755,65.016499147,5071.199643664247,2873.729262298833,26.0,92.0,22.033898305084744,77.96610169491525,62.9214450476,67.3018508523,1692.5869617811354,6252.341944181946,1,7,9,0,0,0,[]
raw/BottomLight_3mnts_FF8.xls_Tank_1,58.0,61.0,48.739495798319325,51.260504201680675,70.5142226853,64.6363418675,4103.927850285869,3981.598659038742,13.0,106.0,10.92436974789916,89.07563025210084,65.4634751888,67.7537870805,896.849610086398,7188.676899238219,33.0,86.0,27.73109243697479,72.26890756302521,67.9571096485,67.313514769,2256.1761303309063,5829.350378993707,60.0,59.0,50.42016806722689,49.57983193277311,68.726577924,66.2363823689,4151.0853966116465,3934.4411127129633,21.0,98.0,17.647058823529413,82.35294117647058,68.7053588115,67.2219346656,1497.7768220910132,6587.7496872336005,16,27,12,0,0,0,[]
raw/BottomLight_3mnts_FF8.xls_Tank_2,45.0,74.0,37.81512605042017,62.18487394957983,94.5117703592,73.8768925583,4253.029666161769,5525.991653359481,15.0,104.0,12.605042016806722,87.39495798319328,122.707112949,75.65844276,1865.148116820198,7913.873202701053,48.0,71.0,40.33613445378151,59.66386554621849,95.9961390455,71.8880686235,4646.213129801698,5132.808189719551,79.0,40.0,66.38655462184873,33.61344537815127,91.9629554955,61.0866253499,7329.4475529911215,2449.573766530125,26.0,93.0,21.84873949579832,78.15126050420167,103.479526358,75.4213695717,2742.2074484804857,7036.813871040768,1,7,19,3,0,7,[]
raw/BottomLight_3mnts_MF10.xls_Tank_1,77.0,42.0,64.70588235294117,35.294117647058826,68.8712428699,57.1573049195,5316.859949558918,2434.901279571384,36.0,83.0,30.252100840336134,69.74789915966386,54.6232293644,69.1238087314,1993.7478718006107,5758.013357329692,70.0,48.0,59.32203389830508,40.67796610169492,61.1645396127,69.8403942861,4336.565858540625,3415.195370589682,98.0,21.0,82.35294117647058,17.64705882352942,64.0116265493,67.8799185738,6292.342889792584,1459.4183393377202,51.0,68.0,42.857142857142854,57.142857142857146,57.3676200058,70.2579464344,2960.169192301566,4791.59203682874,3,12,9,0,0,0,[]
raw/BottomLight_3mnts_MF10.xls_Tank_2,52.0,66.0,44.06779661016949,55.93220338983051,66.8792279348,61.3824071193,3531.2232349567234,4081.930163431714,13.0,105.0,11.016949152542372,88.98305084745763,47.7501241115,65.9166028024,658.9517127390683,6954.201685649375,34.0,85.0,28.57142857142857,71.42857142857143,57.0713175517,66.5143354445,1946.1319285128855,5667.021469875559,62.0,57.0,52.10084033613446,47.89915966386554,60.1972824577,67.7562581352,3744.271058868598,3868.882339519838,19.0,99.0,16.101694915254235,83.89830508474577,52.1108141111,66.1302235984,1026.5830379887693,6586.570360399678,21,32,13,0,0,0,[]
raw/BottomLight_3mnts_MF3.xls_Tank_1,110.0,8.0,93.22033898305084,6.779661016949163,66.5592698112,57.5234489875,7381.423112057736,511.95869598919444,13.0,106.0,10.92436974789916,89.07563025210084,57.2082900389,66.9445126174,743.7077705056547,7149.674037541275,76.0,43.0,63.86554621848739,36.13445378151261,65.0693181705,67.308528244,4945.268180960341,2948.113627086602,110.0,9.0,92.43697478991596,7.563025210084035,65.916063342,65.5465391304,7296.9083019599875,596.4735060869417,46.0,73.0,38.655462184873954,61.344537815126046,64.3379948121,66.8609559474,2972.4153603180516,4920.966447728886,18,25,24,0,0,0,[]
raw/BottomLight_3mnts_MF3.xls_Tank_2,96.0,22.0,81.35593220338984,18.64406779661016,81.6857628732,69.2051408292,7907.181936126745,1550.1951545749519,50.0,68.0,42.3728813559322,57.6271186440678,71.6705443715,85.0563146734,3648.030708507581,5809.346382194118,97.0,21.0,82.20338983050848,17.796610169491515,77.4794278543,87.8452783436,7577.488044147993,1879.8890465537038,116.0,2.0,98.30508474576271,1.6949152542372872,79.3836891833,77.2342100396,9272.014986606755,185.3621040949502,78.0,40.0,66.10169491525424,33.89830508474576,73.7492660889,90.0442412211,5774.56753475962,3682.8095559420863,7,17,26,1,0,0,[]
raw/BottomLight_3mnts_MF4.xls_Tank_1,56.0,63.0,47.05882352941176,52.94117647058824,58.2273189814,63.2984114595,3284.020880548347,4013.1192865331923,7.0,112.0,5.88235294117647,94.11764705882354,43.8456764274,62.0832147064,337.6117084909904,6959.528458590553,21.0,98.0,17.647058823529413,82.35294117647058,47.5946499874,63.8400777735,1028.0444397286692,6269.09572735287,58.0,61.0,48.739495798319325,51.260504201680675,54.3752317375,67.127468137,3175.5135334709234,4121.6266336106155,10.0,109.0,8.403361344537815,91.59663865546219,43.7484163852,62.4911674712,441.85900549037484,6855.281161591168,81,94,7,0,0,0,[]
raw/BottomLight_3mnts_MF4.xls_Tank_2,97.0,22.0,81.5126050420168,18.4873949579832,80.8785696292,74.7508922136,7853.3092009942375,1674.4199855846723,18.0,100.0,15.254237288135593,84.7457627118644,70.450669254,81.4732748278,1331.5176489012078,8196.211537677706,69.0,49.0,58.47457627118644,41.52542372881356,77.7919130856,82.4331051266,5414.317240759858,4113.411945819053,98.0,20.0,83.05084745762711,16.949152542372886,79.5618957242,80.5227836447,7844.8030084055645,1682.9261781733408,38.0,80.0,32.20338983050847,67.79661016949153,71.7085452295,83.6013236619,2789.462409426282,6738.266777152625,4,7,25,0,0,0,[]
raw/BottomLight_3mnts_MF5.xls_Tank_1,67.0,52.0,56.30252100840336,43.69747899159664,64.2886725838,57.3628829688,4307.341063114627,3028.760310753736,2.0,117.0,1.680672268907563,98.31932773109244,55.500403673,61.338576348,116.55084771335935,7219.550526154998,22.0,96.0,18.64406779661017,81.35593220338983,57.7697079249,62.0554692713,1322.9263114810276,6013.175062387334,56.0,62.0,47.45762711864407,52.54237288135593,64.9692130117,57.8593491813,3696.7482203637082,3639.353153504654,7.0,111.0,5.932203389830509,94.0677966101695,65.9995581008,60.8999533054,521.3965089963431,6814.704864872014,8,12,22,1,0,0,[]
raw/BottomLight_3mnts_MF5.xls_Tank_2,59.0,60.0,49.57983193277311,50.42016806722689,105.056479271,80.9359771179,6198.332277015003,4920.907498770258,37.0,82.0,31.092436974789916,68.90756302521008,81.7125022396,97.7957176868,3031.5338330896975,8087.705942695555,64.0,55.0,53.78151260504202,46.21848739495798,88.33804311,98.0543858855,5706.63758490663,5412.602190878623,93.0,26.0,78.15126050420169,21.848739495798313,91.710698549,96.665679808,8538.266034911989,2580.97374087325,48.0,71.0,40.33613445378151,59.66386554621849,83.2472949293,99.2112747796,3995.8701566083973,7123.369619176855,11,15,29,2,0,2,[]
raw/BottomLight_3mnts_MM9.xls_Tank_1,65.0,53.0,55.08474576271186,44.91525423728814,92.975311474,76.8561896097,6127.073116138362,4142.548619960433,10.0,109.0,8.403361344537815,91.59663865546219,64.177204533,87.8578700655,693.1138089566825,9576.507927142104,33.0,86.0,27.73109243697479,72.26890756302521,77.9441846067,88.7677424489,2626.7190212442733,7642.902714854519,67.0,51.0,56.779661016949156,43.220338983050844,86.4486589753,84.7737514774,5869.864034423265,4399.7577016755295,18.0,100.0,15.254237288135593,84.7457627118644,67.8436809016,89.0721117647,1282.2455690393347,8987.376167059456,5,13,17,4,0,0,[]
raw/BottomLight_3mnts_MM9.xls_Tank_2,102.0,16.0,86.4406779661017,13.559322033898297,60.2687063831,48.0103035064,6201.649886822534,811.3742192587931,24.0,95.0,20.168067226890756,79.83193277310924,49.3323756034,60.8460021044,1183.977104481743,5829.0470015995825,91.0,28.0,76.47058823529412,23.529411764705884,58.5008801602,58.6623687227,5335.280360612953,1677.7437454683657,113.0,6.0,94.9579831932773,5.0420168067227,58.8740978496,52.6095812395,6676.322786148625,336.7013199327034,56.0,63.0,47.05882352941176,52.94117647058824,55.9194186983,60.8623739113,3148.26336271272,3864.760743368597,5,12,35,0,0,0,[]
